0,0,0,0,0,0,0,691075432,56
0,0,0,0,0,0,0,691075942,56
0,0,0,0,0,0,0,691076453,56
0,0,0,0,0,0,0,691076963,56
0,0,0,0,0,0,0,691077473,56
0,0,0,0,0,0,0,691077984,56
0,0,0,0,0,0,0,691078494,56
0,0,0,0,0,0,0,691079006,56
0,0,0,0,0,0,0,691079517,56
0,0,0,0,0,0,0,691080027,56
0,0,0,0,0,0,0,691080537,56
0,0,0,0,0,0,0,691081048,56
0,0,0,0,0,0,0,691081558,56
0,0,0,0,0,0,0,691082070,56
0,0,0,0,0,0,0,691082580,56
0,0,0,0,0,0,0,691083093,56
0,0,0,0,0,0,0,691083603,56
0,0,0,0,0,0,0,691084113,56
0,0,0,0,0,0,0,691084624,56
0,0,0,0,0,0,0,691085134,56
0,0,0,0,0,0,0,691085648,56
0,0,0,0,0,0,0,691086159,56
0,0,0,0,0,0,0,691086669,56
0,0,0,0,0,0,0,691087179,56
0,0,0,0,0,0,0,691087690,56
0,0,0,0,0,0,0,691088200,56
0,0,0,0,0,0,0,691088714,56
0,0,0,0,0,0,0,691089224,56
0,0,0,0,0,0,0,691089736,56
0,0,0,0,0,0,0,691090246,56
0,0,0,0,0,0,0,691090756,56
0,0,0,0,0,0,0,691091267,56
0,0,0,0,0,0,0,691091777,56
0,0,0,0,0,0,0,691092288,56
0,0,0,0,0,0,0,691092798,56
0,0,0,0,0,0,0,691093308,56
0,0,0,0,0,0,0,691093819,56
0,0,0,0,0,0,0,691094329,56
0,0,0,0,0,0,0,691094839,56
0,0,0,0,0,0,0,691095350,56
0,0,0,0,0,0,0,691095860,56
0,0,0,0,0,0,0,691096370,56
0,0,0,0,0,0,0,691096881,56
0,0,0,0,0,0,0,691097391,56
0,0,0,0,0,0,0,691097901,56
0,0,0,0,0,0,0,691098412,56
0,0,0,0,0,0,0,691098922,56
0,0,0,0,0,0,0,691099432,56
0,0,0,0,0,0,0,691099942,56
0,0,0,0,0,0,0,691100453,56
0,0,0,0,0,0,0,691100963,56
0,0,0,0,0,0,0,691101474,56
0,0,0,0,0,0,0,691101984,56
0,0,0,0,0,0,0,691102494,56
0,0,0,0,0,0,0,691103007,56
0,0,0,0,0,0,0,691103517,56
0,0,0,0,0,0,0,691104027,56
0,0,0,0,0,0,0,691104538,56
0,0,0,0,0,0,0,691105048,56
0,0,0,0,0,0,0,691105558,56
0,0,0,0,0,0,0,691106071,56
0,0,0,0,0,0,0,691106581,56
0,0,0,0,0,0,0,691107095,56
0,0,0,0,0,0,0,691107606,56
0,0,0,0,0,0,0,691108116,56
0,0,0,0,0,0,0,691108626,56
0,0,0,0,0,0,0,691109137,56
0,0,0,0,0,0,0,691109651,56
0,0,0,0,0,0,0,691110161,56
0,0,0,0,0,0,0,691110672,56
0,0,0,0,0,0,0,691111182,56
0,0,0,0,0,0,0,691111692,56
0,0,0,0,0,0,0,691112202,56
0,0,0,0,0,0,0,691112717,56
0,0,0,0,0,0,0,691113227,56
0,0,0,0,0,0,0,691113740,56
0,0,0,0,0,0,0,691114250,56
0,0,0,0,0,0,0,691114760,56
0,0,0,0,0,0,0,691115271,56
0,0,0,0,0,0,0,691115781,56
0,0,0,0,0,0,0,691116292,56
0,0,0,0,0,0,0,691116802,56
0,0,0,0,0,0,0,691117312,56
0,0,0,0,0,0,0,691117823,56
0,0,0,0,0,0,0,691118333,56
0,0,0,0,0,0,0,691118843,56
0,0,0,0,0,0,0,691119354,56
0,0,0,0,0,0,0,691119864,56
0,0,0,0,0,0,0,691120375,56
0,0,0,0,0,0,0,691120885,56
0,0,0,0,0,0,0,691121395,56
0,0,0,0,0,0,0,691121906,56
0,0,0,0,0,0,0,691122416,56
0,0,0,0,0,0,0,691122926,56
0,0,0,0,0,0,0,691123437,56
0,0,0,0,0,0,0,691123947,56
0,0,0,0,0,0,0,691124457,56
0,0,0,0,0,0,0,691124968,56
0,0,0,0,0,0,0,691125478,56
0,0,0,0,0,0,0,691125988,56
0,0,0,0,0,0,0,691126501,56
0,0,0,0,0,0,0,691127011,56
0,0,0,0,0,0,0,691127521,56
0,0,0,0,0,0,0,691128032,56
0,0,0,0,0,0,0,691128542,56
0,0,0,0,0,0,0,691129052,56
0,0,0,0,0,0,0,691129563,56
0,0,0,0,0,0,0,691130075,56
0,0,0,0,0,0,0,691130585,56
0,0,0,0,0,0,0,691131099,56
0,0,0,0,0,0,0,691131610,56
0,0,0,0,0,0,0,691132120,56
0,0,0,0,0,0,0,691132630,56
0,0,0,0,0,0,0,691133141,56
0,0,0,0,0,0,0,691133655,56
0,0,0,0,0,0,0,691134165,56
0,0,0,0,0,0,0,691134676,56
0,0,0,0,0,0,0,691135186,56
0,0,0,0,0,0,0,691135697,56
0,0,0,0,0,0,0,691136207,56
0,0,0,0,0,0,0,691136721,56
0,0,0,0,0,0,0,691137232,56
0,0,0,0,0,0,0,691137744,56
0,0,0,0,0,0,0,691138254,56
0,0,0,0,0,0,0,691138764,56
0,0,0,0,0,0,0,691139275,56
0,0,0,0,0,0,0,691139785,56
0,0,0,0,0,0,0,691140296,56
0,0,0,0,0,0,0,691140806,56
0,0,0,0,0,0,0,691141316,56
0,0,0,0,0,0,0,691141827,56
0,0,0,0,0,0,0,691142337,56
0,0,0,0,0,0,0,691142847,56
0,0,0,0,0,0,0,691143358,56
0,0,0,0,0,0,0,691143868,56
0,0,0,0,0,0,0,691144378,56
0,0,0,0,0,0,0,691144889,56
0,0,0,0,0,0,0,691145399,56
0,0,0,0,0,0,0,691145909,56
0,0,0,0,0,0,0,691146420,56
0,0,0,0,0,0,0,691146930,56
0,0,0,0,0,0,0,691147442,56
0,0,0,0,0,0,0,691147953,56
0,0,0,0,0,0,0,691148463,56
0,0,0,0,0,0,0,691148973,56
0,0,0,0,0,0,0,691149484,56
0,0,0,0,0,0,0,691149994,56
0,0,0,0,0,0,0,691150507,56
0,0,0,0,0,0,0,691151017,56
0,0,0,0,0,0,0,691151527,56
0,0,0,0,0,0,0,691152037,56
0,0,0,0,0,0,0,691152548,56
0,0,0,0,0,0,0,691153058,56
0,0,0,0,0,0,0,691153568,56
0,0,0,0,0,0,0,691154080,56
0,0,0,0,0,0,0,691154591,56
0,0,0,0,0,0,0,691155105,56
0,0,0,0,0,0,0,691155615,56
0,0,0,0,0,0,0,691156126,56
0,0,0,0,0,0,0,691156636,56
0,0,0,0,0,0,0,691157146,56
0,0,0,0,0,0,0,691157661,56
0,0,0,0,0,0,0,691158171,56
0,0,0,0,0,0,0,691158681,56
0,0,0,0,0,0,0,691159192,56
0,0,0,0,0,0,0,691159702,56
0,0,0,0,0,0,0,691160212,56
0,0,0,0,0,0,0,691160726,56
0,0,0,0,0,0,0,691161237,56
0,0,0,0,0,0,0,691161749,56
0,0,0,0,0,0,0,691162259,56
0,0,0,0,0,0,0,691162770,56
0,0,0,0,0,0,0,691163280,56
0,0,0,0,0,0,0,691163790,56
0,0,0,0,0,0,0,691164301,56
0,0,0,0,0,0,0,691164811,56
0,0,0,0,0,0,0,691165322,56
0,0,0,0,0,0,0,691165832,56
0,0,0,0,0,0,0,691166342,56
0,0,0,0,0,0,0,691166853,56
0,0,0,0,0,0,0,691167363,56
0,0,0,0,0,0,0,691167873,56
0,0,0,0,0,0,0,691168384,56
0,0,0,0,0,0,0,691168894,56
0,0,0,0,0,0,0,691169404,56
0,0,0,0,0,0,0,691169915,56
0,0,0,0,0,0,0,691170425,56
0,0,0,0,0,0,0,691170936,56
0,0,0,0,0,0,0,691171448,56
0,0,0,0,0,0,0,691171958,56
0,0,0,0,0,0,0,691172468,56
0,0,0,0,0,0,0,691172979,56
0,0,0,0,0,0,0,691173489,56
0,0,0,0,0,0,0,691174001,56
0,0,0,0,0,0,0,691174512,56
0,0,0,0,0,0,0,691175022,56
0,0,0,0,0,0,0,691175532,56
0,0,0,0,0,0,0,691176043,56
0,0,0,0,0,0,0,691176553,56
0,0,0,0,0,0,0,691177065,56
0,0,0,0,0,0,0,691177576,56
0,0,0,0,0,0,0,691178087,56
0,0,0,0,0,0,0,691178598,56
0,0,0,0,0,0,0,691179109,56
0,0,0,0,0,0,0,691179620,56
0,0,0,0,0,0,0,691180130,56
0,0,0,0,0,0,0,691180640,56
0,0,0,0,0,0,0,691181151,56
0,0,0,0,0,0,0,691181665,56
0,0,0,0,0,0,0,691182176,56
0,0,0,0,0,0,0,691182686,56
0,0,0,0,0,0,0,691183196,56
0,0,0,0,0,0,0,691183706,56
0,0,0,0,0,0,0,691184217,56
0,0,0,0,0,0,0,691184731,56
0,0,0,0,0,0,0,691185241,56
0,0,0,0,0,0,0,691185752,56
0,0,0,0,0,0,0,691186263,56
0,0,0,0,0,0,0,691186773,56
0,0,0,0,0,0,0,691187284,56
0,0,0,0,0,0,0,691187794,56
0,0,0,0,0,0,0,691188304,56
0,0,0,0,0,0,0,691188815,56
0,0,0,0,0,0,0,691189325,56
0,0,0,0,0,0,0,691189835,56
0,0,0,0,0,0,0,691190346,56
0,0,0,0,0,0,0,691190856,56
0,0,0,0,0,0,0,691191366,56
0,0,0,0,0,0,0,691191877,56
0,0,0,0,0,0,0,691192387,56
0,0,0,0,0,0,0,691192897,56
0,0,0,0,0,0,0,691193408,56
0,0,0,0,0,0,0,691193918,56
0,0,0,0,0,0,0,691194428,56
0,0,0,0,0,0,0,691194939,56
0,0,0,0,0,0,0,691195449,56
0,0,0,0,0,0,0,691195959,56
0,0,0,0,0,0,0,691196470,56
0,0,0,0,0,0,0,691196980,56
0,0,0,0,0,0,0,691197491,56
0,0,0,0,0,0,0,691198003,56
0,0,0,0,0,0,0,691198513,56
0,0,0,0,0,0,0,691199024,56
0,0,0,0,0,0,0,691199534,56
0,0,0,0,0,0,0,691200044,56
0,0,0,0,0,0,0,691200554,56
0,0,0,0,0,0,0,691201067,56
0,0,0,0,0,0,0,691201577,56
0,0,0,0,0,0,0,691202089,56
0,0,0,0,0,0,0,691202599,56
0,0,0,0,0,0,0,691203113,56
0,0,0,0,0,0,0,691203623,56
0,0,0,0,0,0,0,691204134,56
0,0,0,0,0,0,0,691204644,56
0,0,0,0,0,0,0,691205154,56
0,0,0,0,0,0,0,691205669,56
0,0,0,0,0,0,0,691206179,56
0,0,0,0,0,0,0,691206689,56
0,0,0,0,0,0,0,691207200,56
0,0,0,0,0,0,0,691207710,56
0,0,0,0,0,0,0,691208220,56
0,0,0,0,0,0,0,691208734,56
0,0,0,0,0,0,0,691209245,56
0,0,0,0,0,0,0,691209755,56
0,0,0,0,0,0,0,691210266,56
0,0,0,0,0,0,0,691210776,56
0,0,0,0,0,0,0,691211286,56
0,0,0,0,0,0,0,691211797,56
0,0,0,0,0,0,0,691212307,56
0,0,0,0,0,0,0,691212818,56
0,0,0,0,0,0,0,691213328,56
0,0,0,0,0,0,0,691213838,56
0,0,0,0,0,0,0,691214349,56
0,0,0,0,0,0,0,691214859,56
0,0,0,0,0,0,0,691215369,56
0,0,0,0,0,0,0,691215880,56
0,0,0,0,0,0,0,691216390,56
0,0,0,0,0,0,0,691216900,56
0,0,0,0,0,0,0,691217411,56
0,0,0,0,0,0,0,691217921,56
0,0,0,0,0,0,0,691218431,56
0,0,0,0,0,0,0,691218942,56
0,0,0,0,0,0,0,691219452,56
0,0,0,0,0,0,0,691219962,56
0,0,0,0,0,0,0,691220473,56
0,0,0,0,0,0,0,691220983,56
0,0,0,0,0,0,0,691221493,56
0,0,0,0,0,0,0,691222006,56
0,0,0,0,0,0,0,691222516,56
0,0,0,0,0,0,0,691223026,56
0,0,0,0,0,0,0,691223537,56
0,0,0,0,0,0,0,691224047,56
0,0,0,0,0,0,0,691224557,56
0,0,0,0,0,0,0,691225069,56
0,0,0,0,0,0,0,691225580,56
0,0,0,0,0,0,0,691226091,56
0,0,0,0,0,0,0,691226601,56
0,0,0,0,0,0,0,691227115,56
0,0,0,0,0,0,0,691227625,56
0,0,0,0,0,0,0,691228136,56
0,0,0,0,0,0,0,691228646,56
0,0,0,0,0,0,0,691229157,56
0,0,0,0,0,0,0,691229671,56
0,0,0,0,0,0,0,691230181,56
0,0,0,0,0,0,0,691230692,56
0,0,0,0,0,0,0,691231202,56
0,0,0,0,0,0,0,691231712,56
0,0,0,0,0,0,0,691232222,56
0,0,0,0,0,0,0,691232737,56
0,0,0,0,0,0,0,691233247,56
0,0,0,0,0,0,0,691233759,56
0,0,0,0,0,0,0,691234270,56
0,0,0,0,0,0,0,691234780,56
0,0,0,0,0,0,0,691235290,56
0,0,0,0,0,0,0,691235801,56
0,0,0,0,0,0,0,691236311,56
0,0,0,0,0,0,0,691236821,56
0,0,0,0,0,0,0,691237332,56
0,0,0,0,0,0,0,691237842,56
0,0,0,0,0,0,0,691238353,56
0,0,0,0,0,0,0,691238863,56
0,0,0,0,0,0,0,691239373,56
0,0,0,0,0,0,0,691239884,56
0,0,0,0,0,0,0,691240394,56
0,0,0,0,0,0,0,691240904,56
0,0,0,0,0,0,0,691241415,56
0,0,0,0,0,0,0,691241925,56
0,0,0,0,0,0,0,691242436,56
0,0,0,0,0,0,0,691242946,56
0,0,0,0,0,0,0,691243456,56
0,0,0,0,0,0,0,691243966,56
0,0,0,0,0,0,0,691244477,56
0,0,0,0,0,0,0,691244987,56
0,0,0,0,0,0,0,691245500,56
0,0,0,0,0,0,0,691246011,56
0,0,0,0,0,0,0,691246521,56
0,0,0,0,0,0,0,691247031,56
0,0,0,0,0,0,0,691247542,56
0,0,0,0,0,0,0,691248052,56
0,0,0,0,0,0,0,691248562,56
0,0,0,0,0,0,0,691249075,56
0,0,0,0,0,0,0,691249585,56
0,0,0,0,0,0,0,691250095,56
0,0,0,0,0,0,0,691250606,56
0,0,0,0,0,0,0,691251120,56
0,0,0,0,0,0,0,691251630,56
0,0,0,0,0,0,0,691252141,56
0,0,0,0,0,0,0,691252651,56
0,0,0,0,0,0,0,691253162,56
0,0,0,0,0,0,0,691253676,56
0,0,0,0,0,0,0,691254186,56
0,0,0,0,0,0,0,691254697,56
0,0,0,0,0,0,0,691255207,56
0,0,0,0,0,0,0,691255717,56
0,0,0,0,0,0,0,691256228,56
0,0,0,0,0,0,0,691256742,56
0,0,0,0,0,0,0,691257252,56
0,0,0,0,0,0,0,691257764,56
0,0,0,0,0,0,0,691258274,56
0,0,0,0,0,0,0,691258785,56
0,0,0,0,0,0,0,691259295,56
0,0,0,0,0,0,0,691259805,56
0,0,0,0,0,0,0,691260316,56
0,0,0,0,0,0,0,691260826,56
0,0,0,0,0,0,0,691261336,56
0,0,0,0,0,0,0,691261847,56
0,0,0,0,0,0,0,691262357,56
0,0,0,0,0,0,0,691262868,56
0,0,0,0,0,0,0,691263378,56
0,0,0,0,0,0,0,691540918,56
0,0,0,0,0,0,0,691541428,56
0,0,0,0,0,0,0,691541939,56
0,0,0,0,0,0,0,691542449,56
0,0,0,0,0,0,0,691542959,56
0,0,0,0,0,0,0,691543470,56
0,0,0,0,0,0,0,691543980,56
0,0,0,0,0,0,0,691544490,56
0,0,0,0,0,0,0,691545003,56
0,0,0,0,0,0,0,691545513,56
0,0,0,0,0,0,0,691546024,56
0,0,0,0,0,0,0,691546534,56
0,0,0,0,0,0,0,691547044,56
0,0,0,0,0,0,0,691547554,56
0,0,0,0,0,0,0,691548067,56
0,0,0,0,0,0,0,691548577,56
0,0,0,0,0,0,0,691549089,56
0,0,0,0,0,0,0,691549599,56
0,0,0,0,0,0,0,691550109,56
0,0,0,0,0,0,0,691550620,56
0,0,0,0,0,0,0,691551130,56
0,0,0,0,0,0,0,691551640,56
0,0,0,0,0,0,0,691552151,56
0,0,0,0,0,0,0,691552661,56
0,0,0,0,0,0,0,691553172,56
0,0,0,0,0,0,0,691553682,56
0,0,0,0,0,0,0,691554193,56
0,0,0,0,0,0,0,691554703,56
0,0,0,0,0,0,0,691555213,56
0,0,0,0,0,0,0,691555728,56
0,0,0,0,0,0,0,691556238,56
0,0,0,0,0,0,0,691556748,56
0,0,0,0,0,0,0,691557259,56
0,0,0,0,0,0,0,691557769,56
0,0,0,0,0,0,0,691558279,56
0,0,0,0,0,0,0,691558794,56
0,0,0,0,0,0,0,691559304,56
0,0,0,0,0,0,0,691559815,56
0,0,0,0,0,0,0,691560325,56
0,0,0,0,0,0,0,691560835,56
0,0,0,0,0,0,0,691561346,56
0,0,0,0,0,0,0,691561856,56
0,0,0,0,0,0,0,691562367,56
0,0,0,0,0,0,0,691562877,56
0,0,0,0,0,0,0,691563387,56
0,0,0,0,0,0,0,691563898,56
0,0,0,0,0,0,0,691564408,56
0,0,0,0,0,0,0,691564918,56
0,0,0,0,0,0,0,691565429,56
0,0,0,0,0,0,0,691565939,56
0,0,0,0,0,0,0,691566449,56
0,0,0,0,0,0,0,691566959,56
0,0,0,0,0,0,0,691567470,56
0,0,0,0,0,0,0,691567980,56
0,0,0,0,0,0,0,691568491,56
0,0,0,0,0,0,0,691569003,56
0,0,0,0,0,0,0,691569513,56
0,0,0,0,0,0,0,691570023,56
0,0,0,0,0,0,0,691570534,56
0,0,0,0,0,0,0,691571044,56
0,0,0,0,0,0,0,691571554,56
0,0,0,0,0,0,0,691572066,56
0,0,0,0,0,0,0,691572577,56
0,0,0,0,0,0,0,691573089,56
0,0,0,0,0,0,0,691573599,56
0,0,0,0,0,0,0,691574109,56
0,0,0,0,0,0,0,691574620,56
0,0,0,0,0,0,0,691575130,56
0,0,0,0,0,0,0,691575640,56
0,0,0,0,0,0,0,691576151,56
0,0,0,0,0,0,0,691576661,56
0,0,0,0,0,0,0,691577175,56
0,0,0,0,0,0,0,691577686,56
0,0,0,0,0,0,0,691578196,56
0,0,0,0,0,0,0,691578706,56
0,0,0,0,0,0,0,691579217,56
0,0,0,0,0,0,0,691579731,56
0,0,0,0,0,0,0,691580241,56
0,0,0,0,0,0,0,691580752,56
0,0,0,0,0,0,0,691581262,56
0,0,0,0,0,0,0,691581772,56
0,0,0,0,0,0,0,691582283,56
0,0,0,0,0,0,0,691582797,56
0,0,0,0,0,0,0,691583307,56
0,0,0,0,0,0,0,691583818,56
0,0,0,0,0,0,0,691584329,56
0,0,0,0,0,0,0,691584839,56
0,0,0,0,0,0,0,691585349,56
0,0,0,0,0,0,0,691585860,56
0,0,0,0,0,0,0,691586370,56
0,0,0,0,0,0,0,691586880,56
0,0,0,0,0,0,0,691587391,56
0,0,0,0,0,0,0,691587901,56
0,0,0,0,0,0,0,691588411,56
0,0,0,0,0,0,0,691588922,56
0,0,0,0,0,0,0,691589432,56
0,0,0,0,0,0,0,691589942,56
0,0,0,0,0,0,0,691590453,56
0,0,0,0,0,0,0,691590963,56
0,0,0,0,0,0,0,691591474,56
0,0,0,0,0,0,0,691591984,56
0,0,0,0,0,0,0,691592494,56
0,0,0,0,0,0,0,691593006,56
0,0,0,0,0,0,0,691593517,56
0,0,0,0,0,0,0,691594027,56
0,0,0,0,0,0,0,691594537,56
0,0,0,0,0,0,0,691595048,56
0,0,0,0,0,0,0,691595558,56
0,0,0,0,0,0,0,691596070,56
0,0,0,0,0,0,0,691596580,56
0,0,0,0,0,0,0,691597091,56
0,0,0,0,0,0,0,691597601,56
0,0,0,0,0,0,0,691598111,56
0,0,0,0,0,0,0,691598622,56
0,0,0,0,0,0,0,691599132,56
0,0,0,0,0,0,0,691599643,56
0,0,0,0,0,0,0,691600153,56
0,0,0,0,0,0,0,691600663,56
0,0,0,0,0,0,0,691601177,56
0,0,0,0,0,0,0,691601688,56
0,0,0,0,0,0,0,691602198,56
0,0,0,0,0,0,0,691602708,56
0,0,0,0,0,0,0,691603219,56
0,0,0,0,0,0,0,691603733,56
0,0,0,0,0,0,0,691604243,56
0,0,0,0,0,0,0,691604754,56
0,0,0,0,0,0,0,691605264,56
0,0,0,0,0,0,0,691605774,56
0,0,0,0,0,0,0,691866593,56
0,0,0,0,0,0,0,691867104,56
0,0,0,0,0,0,0,691867614,56
0,0,0,0,0,0,0,691868124,56
0,0,0,0,0,0,0,691868635,56
0,0,0,0,0,0,0,691869145,56
0,0,0,0,0,0,0,691869655,56
0,0,0,0,0,0,0,691870166,56
0,0,0,0,0,0,0,691870676,56
0,0,0,0,0,0,0,691871186,56
0,0,0,0,0,0,0,691871697,56
0,0,0,0,0,0,0,691872207,56
0,0,0,0,0,0,0,691872717,56
0,0,0,0,0,0,0,691873231,56
0,0,0,0,0,0,0,691873741,56
0,0,0,0,0,0,0,691874252,56
0,0,0,0,0,0,0,691874762,56
0,0,0,0,0,0,0,691875272,56
0,0,0,0,0,0,0,691875787,56
0,0,0,0,0,0,0,691876297,56
0,0,0,0,0,0,0,691876807,56
0,0,0,0,0,0,0,691877318,56
0,0,0,0,0,0,0,691877828,56
0,0,0,0,0,0,0,691878338,56
0,0,0,0,0,0,0,691878853,56
0,0,0,0,0,0,0,691879363,56
0,0,0,0,0,0,0,691879874,56
0,0,0,0,0,0,0,691880384,56
0,0,0,0,0,0,0,691880895,56
0,0,0,0,0,0,0,691881405,56
0,0,0,0,0,0,0,691881915,56
0,0,0,0,0,0,0,691882426,56
0,0,0,0,0,0,0,691882936,56
0,0,0,0,0,0,0,691883448,56
0,0,0,0,0,0,0,691883959,56
0,0,0,0,0,0,0,691884469,56
0,0,0,0,0,0,0,691884979,56
0,0,0,0,0,0,0,691885490,56
0,0,0,0,0,0,0,691886002,56
0,0,0,0,0,0,0,691886513,56
0,0,0,0,0,0,0,691887023,56
0,0,0,0,0,0,0,691887533,56
0,0,0,0,0,0,0,691888044,56
0,0,0,0,0,0,0,691888554,56
0,0,0,0,0,0,0,691889066,56
0,0,0,0,0,0,0,691889576,56
0,0,0,0,0,0,0,691890088,56
0,0,0,0,0,0,0,691890599,56
0,0,0,0,0,0,0,691891109,56
0,0,0,0,0,0,0,691891619,56
0,0,0,0,0,0,0,691892130,56
0,0,0,0,0,0,0,691892640,56
0,0,0,0,0,0,0,691893150,56
0,0,0,0,0,0,0,691893661,56
0,0,0,0,0,0,0,691894171,56
0,0,0,0,0,0,0,691894681,56
0,0,0,0,0,0,0,691895192,56
0,0,0,0,0,0,0,691895702,56
0,0,0,0,0,0,0,691896212,56
0,0,0,0,0,0,0,691896723,56
0,0,0,0,0,0,0,691897236,56
0,0,0,0,0,0,0,691897746,56
0,0,0,0,0,0,0,691898257,56
0,0,0,0,0,0,0,691898767,56
0,0,0,0,0,0,0,691899277,56
0,0,0,0,0,0,0,691899792,56
0,0,0,0,0,0,0,691900302,56
0,0,0,0,0,0,0,691900812,56
0,0,0,0,0,0,0,691901323,56
0,0,0,0,0,0,0,691901833,56
0,0,0,0,0,0,0,691902343,56
0,0,0,0,0,0,0,691902857,56
0,0,0,0,0,0,0,691903368,56
0,0,0,0,0,0,0,691903879,56
0,0,0,0,0,0,0,691904389,56
0,0,0,0,0,0,0,691904899,56
0,0,0,0,0,0,0,691905410,56
0,0,0,0,0,0,0,691905920,56
0,0,0,0,0,0,0,691906431,56
0,0,0,0,0,0,0,691906941,56
0,0,0,0,0,0,0,691907451,56
0,0,0,0,0,0,0,691907962,56
0,0,0,0,0,0,0,691908472,56
0,0,0,0,0,0,0,691908982,56
0,0,0,0,0,0,0,691909493,56
0,0,0,0,0,0,0,691910005,56
0,0,0,0,0,0,0,691910515,56
0,0,0,0,0,0,0,691911025,56
0,0,0,0,0,0,0,691911536,56
0,0,0,0,0,0,0,691912046,56
0,0,0,0,0,0,0,691912557,56
0,0,0,0,0,0,0,691913069,56
0,0,0,0,0,0,0,691913579,56
0,0,0,0,0,0,0,691914091,56
0,0,0,0,0,0,0,691914601,56
0,0,0,0,0,0,0,691915111,56
0,0,0,0,0,0,0,691915622,56
0,0,0,0,0,0,0,691916132,56
0,0,0,0,0,0,0,691916642,56
0,0,0,0,0,0,0,691917153,56
0,0,0,0,0,0,0,691917663,56
0,0,0,0,0,0,0,691918173,56
0,0,0,0,0,0,0,691918684,56
0,0,0,0,0,0,0,691919194,56
0,0,0,0,0,0,0,691919704,56
0,0,0,0,0,0,0,691920214,56
0,0,0,0,0,0,0,691920725,56
0,0,0,0,0,0,0,691921239,56
0,0,0,0,0,0,0,691921750,56
0,0,0,0,0,0,0,691922260,56
0,0,0,0,0,0,0,691922770,56
0,0,0,0,0,0,0,691923281,56
0,0,0,0,0,0,0,691923795,56
0,0,0,0,0,0,0,691924305,56
0,0,0,0,0,0,0,691924816,56
0,0,0,0,0,0,0,691925326,56
0,0,0,0,0,0,0,691925836,56
0,0,0,0,0,0,0,691926347,56
0,0,0,0,0,0,0,691926861,56
0,0,0,0,0,0,0,691927371,56
0,0,0,0,0,0,0,691927883,56
0,0,0,0,0,0,0,691928394,56
0,0,0,0,0,0,0,691928904,56
0,0,0,0,0,0,0,691929414,56
0,0,0,0,0,0,0,691929925,56
0,0,0,0,0,0,0,691930435,56
0,0,0,0,0,0,0,691930946,56
0,0,0,0,0,0,0,692202411,56
0,0,0,0,0,0,0,692202931,56
0,0,0,0,0,0,0,692203443,56
0,0,0,0,0,0,0,692203954,56
0,0,0,0,0,0,0,692204464,56
0,0,0,0,0,0,0,692204974,56
0,0,0,0,0,0,0,692205485,56
0,0,0,0,0,0,0,692205995,56
0,0,0,0,0,0,0,692206508,56
0,0,0,0,0,0,0,692207018,56
0,0,0,0,0,0,0,692207528,56
0,0,0,0,0,0,0,692208039,56
0,0,0,0,0,0,0,692208549,56
0,0,0,0,0,0,0,692209061,56
0,0,0,0,0,0,0,692209571,56
0,0,0,0,0,0,0,692210084,56
0,0,0,0,0,0,0,692210594,56
0,0,0,0,0,0,0,692211104,56
0,0,0,0,0,0,0,692211615,56
0,0,0,0,0,0,0,692212125,56
0,0,0,0,0,0,0,692212635,56
0,0,0,0,0,0,0,692213146,56
0,0,0,0,0,0,0,692213656,56
0,0,0,0,0,0,0,692214166,56
0,0,0,0,0,0,0,692214677,56
0,0,0,0,0,0,0,692215187,56
0,0,0,0,0,0,0,692215697,56
0,0,0,0,0,0,0,692216208,56
0,0,0,0,0,0,0,692216718,56
0,0,0,0,0,0,0,692217228,56
0,0,0,0,0,0,0,692217739,56
0,0,0,0,0,0,0,692218249,56
0,0,0,0,0,0,0,692218759,56
0,0,0,0,0,0,0,692219270,56
0,0,0,0,0,0,0,692219780,56
0,0,0,0,0,0,0,692220290,56
0,0,0,0,0,0,0,692220801,56
0,0,0,0,0,0,0,692221311,56
0,0,0,0,0,0,0,692221821,56
0,0,0,0,0,0,0,692222332,56
0,0,0,0,0,0,0,692222846,56
0,0,0,0,0,0,0,692223357,56
0,0,0,0,0,0,0,692223867,56
0,0,0,0,0,0,0,692224378,56
0,0,0,0,0,0,0,692224888,56
0,0,0,0,0,0,0,692225398,56
0,0,0,0,0,0,0,692225912,56
0,0,0,0,0,0,0,692226423,56
0,0,0,0,0,0,0,692226933,56
0,0,0,0,0,0,0,692227445,56
0,0,0,0,0,0,0,692227956,56
0,0,0,0,0,0,0,692228466,56
0,0,0,0,0,0,0,692228977,56
0,0,0,0,0,0,0,692229487,56
0,0,0,0,0,0,0,692229997,56
0,0,0,0,0,0,0,692230510,56
0,0,0,0,0,0,0,692231020,56
0,0,0,0,0,0,0,692231530,56
0,0,0,0,0,0,0,692232041,56
0,0,0,0,0,0,0,692232551,56
0,0,0,0,0,0,0,692233063,56
0,0,0,0,0,0,0,692233574,56
0,0,0,0,0,0,0,692234086,56
0,0,0,0,0,0,0,692234596,56
0,0,0,0,0,0,0,692235106,56
0,0,0,0,0,0,0,692235617,56
0,0,0,0,0,0,0,692236127,56
0,0,0,0,0,0,0,692236637,56
0,0,0,0,0,0,0,692237148,56
0,0,0,0,0,0,0,692237658,56
0,0,0,0,0,0,0,692238168,56
0,0,0,0,0,0,0,692238679,56
0,0,0,0,0,0,0,692239189,56
0,0,0,0,0,0,0,692239700,56
0,0,0,0,0,0,0,692240210,56
0,0,0,0,0,0,0,692240720,56
0,0,0,0,0,0,0,692241231,56
0,0,0,0,0,0,0,692241741,56
0,0,0,0,0,0,0,692242251,56
0,0,0,0,0,0,0,692242762,56
0,0,0,0,0,0,0,692243272,56
0,0,0,0,0,0,0,692243782,56
0,0,0,0,0,0,0,692244293,56
0,0,0,0,0,0,0,692244803,56
0,0,0,0,0,0,0,692245314,56
0,0,0,0,0,0,0,692245824,56
0,0,0,0,0,0,0,692246334,56
0,0,0,0,0,0,0,692246848,56
0,0,0,0,0,0,0,692247359,56
0,0,0,0,0,0,0,692247869,56
0,0,0,0,0,0,0,692248380,56
0,0,0,0,0,0,0,692248890,56
0,0,0,0,0,0,0,692249400,56
0,0,0,0,0,0,0,692249914,56
0,0,0,0,0,0,0,692250425,56
0,0,0,0,0,0,0,692250935,56
0,0,0,0,0,0,0,692251448,56
0,0,0,0,0,0,0,692251958,56
0,0,0,0,0,0,0,692252469,56
0,0,0,0,0,0,0,692252979,56
0,0,0,0,0,0,0,692253490,56
0,0,0,0,0,0,0,692254002,56
0,0,0,0,0,0,0,692254512,56
0,0,0,0,0,0,0,692255023,56
0,0,0,0,0,0,0,692255533,56
0,0,0,0,0,0,0,692256043,56
0,0,0,0,0,0,0,692256553,56
0,0,0,0,0,0,0,692257066,56
0,0,0,0,0,0,0,692257576,56
0,0,0,0,0,0,0,692258088,56
0,0,0,0,0,0,0,692258598,56
0,0,0,0,0,0,0,692259109,56
0,0,0,0,0,0,0,692259619,56
0,0,0,0,0,0,0,692260129,56
0,0,0,0,0,0,0,692260640,56
0,0,0,0,0,0,0,692261150,56
0,0,0,0,0,0,0,692261660,56
0,0,0,0,0,0,0,692262171,56
0,0,0,0,0,0,0,692262681,56
0,0,0,0,0,0,0,692263191,56
0,0,0,0,0,0,0,692263702,56
0,0,0,0,0,0,0,692264212,56
0,0,0,0,0,0,0,692264722,56
0,0,0,0,0,0,0,692265232,56
0,0,0,0,0,0,0,692265743,56
0,0,0,0,0,0,0,692266253,56
0,0,0,0,0,0,0,692266763,56
0,0,0,0,0,0,0,692527065,56
0,0,0,0,0,0,0,692527575,56
0,0,0,0,0,0,0,692528087,56
0,0,0,0,0,0,0,692528597,56
0,0,0,0,0,0,0,692529108,56
0,0,0,0,0,0,0,692529618,56
0,0,0,0,0,0,0,692530128,56
0,0,0,0,0,0,0,692530639,56
0,0,0,0,0,0,0,692531149,56
0,0,0,0,0,0,0,692531659,56
0,0,0,0,0,0,0,692532170,56
0,0,0,0,0,0,0,692532680,56
0,0,0,0,0,0,0,692533191,56
0,0,0,0,0,0,0,692533701,56
0,0,0,0,0,0,0,692534211,56
0,0,0,0,0,0,0,692534722,56
0,0,0,0,0,0,0,692535232,56
0,0,0,0,0,0,0,692535742,56
0,0,0,0,0,0,0,692536253,56
0,0,0,0,0,0,0,692536763,56
0,0,0,0,0,0,0,692537274,56
0,0,0,0,0,0,0,692537784,56
0,0,0,0,0,0,0,692538294,56
0,0,0,0,0,0,0,692538804,56
0,0,0,0,0,0,0,692539315,56
0,0,0,0,0,0,0,692539825,56
0,0,0,0,0,0,0,692540336,56
0,0,0,0,0,0,0,692540846,56
0,0,0,0,0,0,0,692541356,56
0,0,0,0,0,0,0,692541867,56
0,0,0,0,0,0,0,692542377,56
0,0,0,0,0,0,0,692542892,56
0,0,0,0,0,0,0,692543402,56
0,0,0,0,0,0,0,692543912,56
0,0,0,0,0,0,0,692544422,56
0,0,0,0,0,0,0,692544933,56
0,0,0,0,0,0,0,692545445,56
0,0,0,0,0,0,0,692545959,56
0,0,0,0,0,0,0,692546470,56
0,0,0,0,0,0,0,692546980,56
0,0,0,0,0,0,0,692547490,56
0,0,0,0,0,0,0,692548003,56
0,0,0,0,0,0,0,692548513,56
0,0,0,0,0,0,0,692549023,56
0,0,0,0,0,0,0,692549534,56
0,0,0,0,0,0,0,692550044,56
0,0,0,0,0,0,0,692550554,56
0,0,0,0,0,0,0,692551066,56
0,0,0,0,0,0,0,692551577,56
0,0,0,0,0,0,0,692552089,56
0,0,0,0,0,0,0,692552599,56
0,0,0,0,0,0,0,692553109,56
0,0,0,0,0,0,0,692553620,56
0,0,0,0,0,0,0,692554130,56
0,0,0,0,0,0,0,692554640,56
0,0,0,0,0,0,0,692555151,56
0,0,0,0,0,0,0,692555661,56
0,0,0,0,0,0,0,692556171,56
0,0,0,0,0,0,0,692556682,56
0,0,0,0,0,0,0,692557192,56
0,0,0,0,0,0,0,692557702,56
0,0,0,0,0,0,0,692558213,56
0,0,0,0,0,0,0,692558723,56
0,0,0,0,0,0,0,692559233,56
0,0,0,0,0,0,0,692559744,56
0,0,0,0,0,0,0,692560254,56
0,0,0,0,0,0,0,692560764,56
0,0,0,0,0,0,0,692561275,56
0,0,0,0,0,0,0,692561785,56
0,0,0,0,0,0,0,692562295,56
0,0,0,0,0,0,0,692562806,56
0,0,0,0,0,0,0,692563316,56
0,0,0,0,0,0,0,692563826,56
0,0,0,0,0,0,0,692564339,56
0,0,0,0,0,0,0,692564849,56
0,0,0,0,0,0,0,692565360,56
0,0,0,0,0,0,0,692565870,56
0,0,0,0,0,0,0,692566380,56
0,0,0,0,0,0,0,692566895,56
0,0,0,0,0,0,0,692567405,56
0,0,0,0,0,0,0,692567915,56
0,0,0,0,0,0,0,692568426,56
0,0,0,0,0,0,0,692568936,56
0,0,0,0,0,0,0,692569448,56
0,0,0,0,0,0,0,692569962,56
0,0,0,0,0,0,0,692570473,56
0,0,0,0,0,0,0,692570983,56
0,0,0,0,0,0,0,692571494,56
0,0,0,0,0,0,0,692572006,56
0,0,0,0,0,0,0,692572516,56
0,0,0,0,0,0,0,692573027,56
0,0,0,0,0,0,0,692573537,56
0,0,0,0,0,0,0,692574047,56
0,0,0,0,0,0,0,692574558,56
0,0,0,0,0,0,0,692575070,56
0,0,0,0,0,0,0,692575580,56
0,0,0,0,0,0,0,692576090,56
0,0,0,0,0,0,0,692576601,56
0,0,0,0,0,0,0,692577111,56
0,0,0,0,0,0,0,692577621,56
0,0,0,0,0,0,0,692578132,56
0,0,0,0,0,0,0,692578642,56
0,0,0,0,0,0,0,692579152,56
0,0,0,0,0,0,0,692579663,56
0,0,0,0,0,0,0,692580173,56
0,0,0,0,0,0,0,692580683,56
0,0,0,0,0,0,0,692581194,56
0,0,0,0,0,0,0,692581704,56
0,0,0,0,0,0,0,692582214,56
0,0,0,0,0,0,0,692582725,56
0,0,0,0,0,0,0,692583235,56
0,0,0,0,0,0,0,692583745,56
0,0,0,0,0,0,0,692584256,56
0,0,0,0,0,0,0,692584766,56
0,0,0,0,0,0,0,692585276,56
0,0,0,0,0,0,0,692585787,56
0,0,0,0,0,0,0,692586297,56
0,0,0,0,0,0,0,692586807,56
0,0,0,0,0,0,0,692587318,56
0,0,0,0,0,0,0,692587828,56
0,0,0,0,0,0,0,692588342,56
0,0,0,0,0,0,0,692588853,56
0,0,0,0,0,0,0,692589363,56
0,0,0,0,0,0,0,692589874,56
0,0,0,0,0,0,0,692590384,56
0,0,0,0,0,0,0,692590898,56
0,0,0,0,0,0,0,692857270,56
0,0,0,0,0,0,0,692857780,56
0,0,0,0,0,0,0,692858290,56
0,0,0,0,0,0,0,692858801,56
0,0,0,0,0,0,0,692859311,56
0,0,0,0,0,0,0,692859821,56
0,0,0,0,0,0,0,692860331,56
0,0,0,0,0,0,0,692860842,56
0,0,0,0,0,0,0,692861352,56
0,0,0,0,0,0,0,692861862,56
0,0,0,0,0,0,0,692862373,56
0,0,0,0,0,0,0,692862883,56
0,0,0,0,0,0,0,692863397,56
0,0,0,0,0,0,0,692863908,56
0,0,0,0,0,0,0,692864418,56
0,0,0,0,0,0,0,692864928,56
0,0,0,0,0,0,0,692865441,56
0,0,0,0,0,0,0,692865951,56
0,0,0,0,0,0,0,692866465,56
0,0,0,0,0,0,0,692866976,56
0,0,0,0,0,0,0,692867486,56
0,0,0,0,0,0,0,692867996,56
0,0,0,0,0,0,0,692868509,56
0,0,0,0,0,0,0,692869023,56
0,0,0,0,0,0,0,692869533,56
0,0,0,0,0,0,0,692870045,56
0,0,0,0,0,0,0,692870555,56
0,0,0,0,0,0,0,692871067,56
0,0,0,0,0,0,0,692871578,56
0,0,0,0,0,0,0,692872090,56
0,0,0,0,0,0,0,692872600,56
0,0,0,0,0,0,0,692873110,56
0,0,0,0,0,0,0,692873621,56
0,0,0,0,0,0,0,692874131,56
0,0,0,0,0,0,0,692874641,56
0,0,0,0,0,0,0,692875152,56
0,0,0,0,0,0,0,692875662,56
0,0,0,0,0,0,0,692876173,56
0,0,0,0,0,0,0,692876683,56
0,0,0,0,0,0,0,692877193,56
0,0,0,0,0,0,0,692877704,56
0,0,0,0,0,0,0,692878214,56
0,0,0,0,0,0,0,692878724,56
0,0,0,0,0,0,0,692879235,56
0,0,0,0,0,0,0,692879745,56
0,0,0,0,0,0,0,692880255,56
0,0,0,0,0,0,0,692880766,56
0,0,0,0,0,0,0,692881276,56
0,0,0,0,0,0,0,692881786,56
0,0,0,0,0,0,0,692882297,56
0,0,0,0,0,0,0,692882807,56
0,0,0,0,0,0,0,692883318,56
0,0,0,0,0,0,0,692883828,56
0,0,0,0,0,0,0,692884338,56
0,0,0,0,0,0,0,692884849,56
0,0,0,0,0,0,0,692885359,56
0,0,0,0,0,0,0,692885869,56
0,0,0,0,0,0,0,692886380,56
0,0,0,0,0,0,0,692886890,56
0,0,0,0,0,0,0,692887404,56
0,0,0,0,0,0,0,692887915,56
0,0,0,0,0,0,0,692888425,56
0,0,0,0,0,0,0,692888936,56
0,0,0,0,0,0,0,692889448,56
0,0,0,0,0,0,0,692889962,56
0,0,0,0,0,0,0,692890473,56
0,0,0,0,0,0,0,692890983,56
0,0,0,0,0,0,0,692891494,56
0,0,0,0,0,0,0,692892006,56
0,0,0,0,0,0,0,692892516,56
0,0,0,0,0,0,0,692893030,56
0,0,0,0,0,0,0,692893540,56
0,0,0,0,0,0,0,692894051,56
0,0,0,0,0,0,0,692894561,56
0,0,0,0,0,0,0,692895073,56
0,0,0,0,0,0,0,692895584,56
0,0,0,0,0,0,0,692896094,56
0,0,0,0,0,0,0,692896604,56
0,0,0,0,0,0,0,692897115,56
0,0,0,0,0,0,0,692897625,56
0,0,0,0,0,0,0,692898136,56
0,0,0,0,0,0,0,692898646,56
0,0,0,0,0,0,0,692899156,56
0,0,0,0,0,0,0,692899667,56
0,0,0,0,0,0,0,692900177,56
0,0,0,0,0,0,0,692900687,56
0,0,0,0,0,0,0,692901198,56
0,0,0,0,0,0,0,692901708,56
0,0,0,0,0,0,0,692902219,56
0,0,0,0,0,0,0,692902729,56
0,0,0,0,0,0,0,692903239,56
0,0,0,0,0,0,0,692903750,56
0,0,0,0,0,0,0,692904260,56
0,0,0,0,0,0,0,692904770,56
0,0,0,0,0,0,0,692905281,56
0,0,0,0,0,0,0,692905791,56
0,0,0,0,0,0,0,692906301,56
0,0,0,0,0,0,0,692906812,56
0,0,0,0,0,0,0,692907322,56
0,0,0,0,0,0,0,692907832,56
0,0,0,0,0,0,0,692908343,56
0,0,0,0,0,0,0,692908853,56
0,0,0,0,0,0,0,692909364,56
0,0,0,0,0,0,0,692909874,56
0,0,0,0,0,0,0,692910384,56
0,0,0,0,0,0,0,692910894,56
0,0,0,0,0,0,0,692911409,56
0,0,0,0,0,0,0,692911919,56
0,0,0,0,0,0,0,692912430,56
0,0,0,0,0,0,0,692912940,56
0,0,0,0,0,0,0,692913450,56
0,0,0,0,0,0,0,692913965,56
0,0,0,0,0,0,0,692914475,56
0,0,0,0,0,0,0,692914985,56
0,0,0,0,0,0,0,692915496,56
0,0,0,0,0,0,0,692916008,56
0,0,0,0,0,0,0,692916518,56
0,0,0,0,0,0,0,692917033,56
0,0,0,0,0,0,0,692917543,56
0,0,0,0,0,0,0,692918054,56
0,0,0,0,0,0,0,692918564,56
0,0,0,0,0,0,0,692919076,56
0,0,0,0,0,0,0,692919586,56
0,0,0,0,0,0,0,692920097,56
0,0,0,0,0,0,0,692920607,56
0,0,0,0,0,0,0,693184446,56
0,0,0,0,0,0,0,693184956,56
0,0,0,0,0,0,0,693185467,56
0,0,0,0,0,0,0,693185977,56
0,0,0,0,0,0,0,693186488,56
0,0,0,0,0,0,0,693186998,56
0,0,0,0,0,0,0,693187510,56
0,0,0,0,0,0,0,693188025,56
0,0,0,0,0,0,0,693188535,56
0,0,0,0,0,0,0,693189045,56
0,0,0,0,0,0,0,693189555,56
0,0,0,0,0,0,0,693190068,56
0,0,0,0,0,0,0,693190578,56
0,0,0,0,0,0,0,693191094,56
0,0,0,0,0,0,0,693191604,56
0,0,0,0,0,0,0,693192115,56
0,0,0,0,0,0,0,693192625,56
0,0,0,0,0,0,0,693193135,56
0,0,0,0,0,0,0,693193646,56
0,0,0,0,0,0,0,693194156,56
0,0,0,0,0,0,0,693194666,56
0,0,0,0,0,0,0,693195177,56
0,0,0,0,0,0,0,693195687,56
0,0,0,0,0,0,0,693196197,56
0,0,0,0,0,0,0,693196708,56
0,0,0,0,0,0,0,693197218,56
0,0,0,0,0,0,0,693197728,56
0,0,0,0,0,0,0,693198239,56
0,0,0,0,0,0,0,693198749,56
0,0,0,0,0,0,0,693199259,56
0,0,0,0,0,0,0,693199770,56
0,0,0,0,0,0,0,693200280,56
0,0,0,0,0,0,0,693200791,56
0,0,0,0,0,0,0,693201301,56
0,0,0,0,0,0,0,693201811,56
0,0,0,0,0,0,0,693202322,56
0,0,0,0,0,0,0,693202832,56
0,0,0,0,0,0,0,693203342,56
0,0,0,0,0,0,0,693203853,56
0,0,0,0,0,0,0,693204363,56
0,0,0,0,0,0,0,693204873,56
0,0,0,0,0,0,0,693205384,56
0,0,0,0,0,0,0,693205894,56
0,0,0,0,0,0,0,693206404,56
0,0,0,0,0,0,0,693206915,56
0,0,0,0,0,0,0,693207425,56
0,0,0,0,0,0,0,693207935,56
0,0,0,0,0,0,0,693208448,56
0,0,0,0,0,0,0,693208958,56
0,0,0,0,0,0,0,693209471,56
0,0,0,0,0,0,0,693209982,56
0,0,0,0,0,0,0,693210492,56
0,0,0,0,0,0,0,693211004,56
0,0,0,0,0,0,0,693211515,56
0,0,0,0,0,0,0,693212029,56
0,0,0,0,0,0,0,693212539,56
0,0,0,0,0,0,0,693213050,56
0,0,0,0,0,0,0,693213560,56
0,0,0,0,0,0,0,693214072,56
0,0,0,0,0,0,0,693214582,56
0,0,0,0,0,0,0,693215097,56
0,0,0,0,0,0,0,693215607,56
0,0,0,0,0,0,0,693216118,56
0,0,0,0,0,0,0,693216628,56
0,0,0,0,0,0,0,693217138,56
0,0,0,0,0,0,0,693217649,56
0,0,0,0,0,0,0,693218159,56
0,0,0,0,0,0,0,693218670,56
0,0,0,0,0,0,0,693219180,56
0,0,0,0,0,0,0,693219690,56
0,0,0,0,0,0,0,693220201,56
0,0,0,0,0,0,0,693220711,56
0,0,0,0,0,0,0,693221221,56
0,0,0,0,0,0,0,693221732,56
0,0,0,0,0,0,0,693222242,56
0,0,0,0,0,0,0,693222752,56
0,0,0,0,0,0,0,693223263,56
0,0,0,0,0,0,0,693223773,56
0,0,0,0,0,0,0,693224283,56
0,0,0,0,0,0,0,693224794,56
0,0,0,0,0,0,0,693225304,56
0,0,0,0,0,0,0,693225814,56
0,0,0,0,0,0,0,693226325,56
0,0,0,0,0,0,0,693226835,56
0,0,0,0,0,0,0,693227346,56
0,0,0,0,0,0,0,693227856,56
0,0,0,0,0,0,0,693228367,56
0,0,0,0,0,0,0,693228877,56
0,0,0,0,0,0,0,693229387,56
0,0,0,0,0,0,0,693229897,56
0,0,0,0,0,0,0,693230408,56
0,0,0,0,0,0,0,693230918,56
0,0,0,0,0,0,0,693231429,56
0,0,0,0,0,0,0,693231939,56
0,0,0,0,0,0,0,693232449,56
0,0,0,0,0,0,0,693232959,56
0,0,0,0,0,0,0,693233474,56
0,0,0,0,0,0,0,693233984,56
0,0,0,0,0,0,0,693234495,56
0,0,0,0,0,0,0,693235007,56
0,0,0,0,0,0,0,693235517,56
0,0,0,0,0,0,0,693236031,56
0,0,0,0,0,0,0,693236542,56
0,0,0,0,0,0,0,693237052,56
0,0,0,0,0,0,0,693237562,56
0,0,0,0,0,0,0,693238074,56
0,0,0,0,0,0,0,693238585,56
0,0,0,0,0,0,0,693239099,56
0,0,0,0,0,0,0,693239609,56
0,0,0,0,0,0,0,693240120,56
0,0,0,0,0,0,0,693240630,56
0,0,0,0,0,0,0,693241141,56
0,0,0,0,0,0,0,693241651,56
0,0,0,0,0,0,0,693242161,56
0,0,0,0,0,0,0,693242672,56
0,0,0,0,0,0,0,693243182,56
0,0,0,0,0,0,0,693243692,56
0,0,0,0,0,0,0,693244203,56
0,0,0,0,0,0,0,693244713,56
0,0,0,0,0,0,0,693245224,56
0,0,0,0,0,0,0,693245734,56
0,0,0,0,0,0,0,693246244,56
0,0,0,0,0,0,0,693246755,56
0,0,0,0,0,0,0,693247265,56
0,0,0,0,0,0,0,693247775,56
0,0,0,0,0,0,0,693516679,56
0,0,0,0,0,0,0,693517189,56
0,0,0,0,0,0,0,693517700,56
0,0,0,0,0,0,0,693518210,56
0,0,0,0,0,0,0,693518721,56
0,0,0,0,0,0,0,693519231,56
0,0,0,0,0,0,0,693519741,56
0,0,0,0,0,0,0,693520252,56
0,0,0,0,0,0,0,693520762,56
0,0,0,0,0,0,0,693521272,56
0,0,0,0,0,0,0,693521783,56
0,0,0,0,0,0,0,693522293,56
0,0,0,0,0,0,0,693522803,56
0,0,0,0,0,0,0,693523314,56
0,0,0,0,0,0,0,693523824,56
0,0,0,0,0,0,0,693524335,56
0,0,0,0,0,0,0,693524845,56
0,0,0,0,0,0,0,693525355,56
0,0,0,0,0,0,0,693525866,56
0,0,0,0,0,0,0,693526376,56
0,0,0,0,0,0,0,693526886,56
0,0,0,0,0,0,0,693527397,56
0,0,0,0,0,0,0,693527907,56
0,0,0,0,0,0,0,693528417,56
0,0,0,0,0,0,0,693528928,56
0,0,0,0,0,0,0,693529438,56
0,0,0,0,0,0,0,693529948,56
0,0,0,0,0,0,0,693530459,56
0,0,0,0,0,0,0,693530969,56
0,0,0,0,0,0,0,693531480,56
0,0,0,0,0,0,0,693531990,56
0,0,0,0,0,0,0,693532502,56
0,0,0,0,0,0,0,693533013,56
0,0,0,0,0,0,0,693533527,56
0,0,0,0,0,0,0,693534037,56
0,0,0,0,0,0,0,693534547,56
0,0,0,0,0,0,0,693535058,56
0,0,0,0,0,0,0,693535568,56
0,0,0,0,0,0,0,693536084,56
0,0,0,0,0,0,0,693536595,56
0,0,0,0,0,0,0,693537105,56
0,0,0,0,0,0,0,693537615,56
0,0,0,0,0,0,0,693538125,56
0,0,0,0,0,0,0,693538636,56
0,0,0,0,0,0,0,693539150,56
0,0,0,0,0,0,0,693539660,56
0,0,0,0,0,0,0,693540173,56
0,0,0,0,0,0,0,693540683,56
0,0,0,0,0,0,0,693541194,56
0,0,0,0,0,0,0,693541704,56
0,0,0,0,0,0,0,693542215,56
0,0,0,0,0,0,0,693542725,56
0,0,0,0,0,0,0,693543235,56
0,0,0,0,0,0,0,693543746,56
0,0,0,0,0,0,0,693544256,56
0,0,0,0,0,0,0,693544767,56
0,0,0,0,0,0,0,693545277,56
0,0,0,0,0,0,0,693545787,56
0,0,0,0,0,0,0,693546298,56
0,0,0,0,0,0,0,693546808,56
0,0,0,0,0,0,0,693547318,56
0,0,0,0,0,0,0,693547829,56
0,0,0,0,0,0,0,693548339,56
0,0,0,0,0,0,0,693548849,56
0,0,0,0,0,0,0,693549360,56
0,0,0,0,0,0,0,693549870,56
0,0,0,0,0,0,0,693550380,56
0,0,0,0,0,0,0,693550890,56
0,0,0,0,0,0,0,693551401,56
0,0,0,0,0,0,0,693551911,56
0,0,0,0,0,0,0,693552422,56
0,0,0,0,0,0,0,693552932,56
0,0,0,0,0,0,0,693553444,56
0,0,0,0,0,0,0,693553954,56
0,0,0,0,0,0,0,693554465,56
0,0,0,0,0,0,0,693554975,56
0,0,0,0,0,0,0,693555486,56
0,0,0,0,0,0,0,693555996,56
0,0,0,0,0,0,0,693556508,56
0,0,0,0,0,0,0,693557019,56
0,0,0,0,0,0,0,693557533,56
0,0,0,0,0,0,0,693558043,56
0,0,0,0,0,0,0,693558553,56
0,0,0,0,0,0,0,693559066,56
0,0,0,0,0,0,0,693559576,56
0,0,0,0,0,0,0,693560092,56
0,0,0,0,0,0,0,693560602,56
0,0,0,0,0,0,0,693561113,56
0,0,0,0,0,0,0,693561623,56
0,0,0,0,0,0,0,693562133,56
0,0,0,0,0,0,0,693562644,56
0,0,0,0,0,0,0,693563158,56
0,0,0,0,0,0,0,693563668,56
0,0,0,0,0,0,0,693564179,56
0,0,0,0,0,0,0,693564689,56
0,0,0,0,0,0,0,693565199,56
0,0,0,0,0,0,0,693565710,56
0,0,0,0,0,0,0,693566220,56
0,0,0,0,0,0,0,693566730,56
0,0,0,0,0,0,0,693567241,56
0,0,0,0,0,0,0,693567751,56
0,0,0,0,0,0,0,693568262,56
0,0,0,0,0,0,0,693568772,56
0,0,0,0,0,0,0,693569282,56
0,0,0,0,0,0,0,693569793,56
0,0,0,0,0,0,0,693570303,56
0,0,0,0,0,0,0,693570813,56
0,0,0,0,0,0,0,693571324,56
0,0,0,0,0,0,0,693571834,56
0,0,0,0,0,0,0,693572344,56
0,0,0,0,0,0,0,693572855,56
0,0,0,0,0,0,0,693573365,56
0,0,0,0,0,0,0,693573876,56
0,0,0,0,0,0,0,693574386,56
0,0,0,0,0,0,0,693574896,56
0,0,0,0,0,0,0,693575407,56
0,0,0,0,0,0,0,693575917,56
0,0,0,0,0,0,0,693576427,56
0,0,0,0,0,0,0,693576937,56
0,0,0,0,0,0,0,693577449,56
0,0,0,0,0,0,0,693577959,56
0,0,0,0,0,0,0,693578469,56
0,0,0,0,0,0,0,693578980,56
0,0,0,0,0,0,0,693579490,56
0,0,0,0,0,0,0,693580002,56
0,0,0,0,0,0,0,693580513,56
0,0,0,0,0,0,0,693581023,56
0,0,0,0,0,0,0,693581537,56
0,0,0,0,0,0,0,693582048,56
0,0,0,0,0,0,0,693582558,56
0,0,0,0,0,0,0,693583070,56
0,0,0,0,0,0,0,693583581,56
0,0,0,0,0,0,0,693584095,56
0,0,0,0,0,0,0,693584605,56
0,0,0,0,0,0,0,693585116,56
0,0,0,0,0,0,0,693820068,56
0,0,0,0,0,0,0,693820583,56
0,0,0,0,0,0,0,693821093,56
0,0,0,0,0,0,0,693821603,56
0,0,0,0,0,0,0,693822114,56
0,0,0,0,0,0,0,693822624,56
0,0,0,0,0,0,0,693823139,56
0,0,0,0,0,0,0,693823649,56
0,0,0,0,0,0,0,693824159,56
0,0,0,0,0,0,0,693824670,56
0,0,0,0,0,0,0,693825180,56
0,0,0,0,0,0,0,693825690,56
0,0,0,0,0,0,0,693826204,56
0,0,0,0,0,0,0,693826715,56
0,0,0,0,0,0,0,693827226,56
0,0,0,0,0,0,0,693827736,56
0,0,0,0,0,0,0,693828247,56
0,0,0,0,0,0,0,693828757,56
0,0,0,0,0,0,0,693829267,56
0,0,0,0,0,0,0,693829778,56
0,0,0,0,0,0,0,693830288,56
0,0,0,0,0,0,0,693830798,56
0,0,0,0,0,0,0,693831309,56
0,0,0,0,0,0,0,693831819,56
0,0,0,0,0,0,0,693832329,56
0,0,0,0,0,0,0,693832840,56
0,0,0,0,0,0,0,693833350,56
0,0,0,0,0,0,0,693833860,56
0,0,0,0,0,0,0,693834371,56
0,0,0,0,0,0,0,693834881,56
0,0,0,0,0,0,0,693835391,56
0,0,0,0,0,0,0,693835902,56
0,0,0,0,0,0,0,693836412,56
0,0,0,0,0,0,0,693836922,56
0,0,0,0,0,0,0,693837433,56
0,0,0,0,0,0,0,693837943,56
0,0,0,0,0,0,0,693838453,56
0,0,0,0,0,0,0,693838964,56
0,0,0,0,0,0,0,693839474,56
0,0,0,0,0,0,0,693839985,56
0,0,0,0,0,0,0,693840495,56
0,0,0,0,0,0,0,693841007,56
0,0,0,0,0,0,0,693841518,56
0,0,0,0,0,0,0,693842028,56
0,0,0,0,0,0,0,693842538,56
0,0,0,0,0,0,0,693843049,56
0,0,0,0,0,0,0,693843559,56
0,0,0,0,0,0,0,693844071,56
0,0,0,0,0,0,0,693844585,56
0,0,0,0,0,0,0,693845096,56
0,0,0,0,0,0,0,693845606,56
0,0,0,0,0,0,0,693846117,56
0,0,0,0,0,0,0,693846627,56
0,0,0,0,0,0,0,693847142,56
0,0,0,0,0,0,0,693847652,56
0,0,0,0,0,0,0,693848162,56
0,0,0,0,0,0,0,693848673,56
0,0,0,0,0,0,0,693849183,56
0,0,0,0,0,0,0,693849693,56
0,0,0,0,0,0,0,693850208,56
0,0,0,0,0,0,0,693850718,56
0,0,0,0,0,0,0,693851231,56
0,0,0,0,0,0,0,693851741,56
0,0,0,0,0,0,0,693852252,56
0,0,0,0,0,0,0,693852762,56
0,0,0,0,0,0,0,693853272,56
0,0,0,0,0,0,0,693853783,56
0,0,0,0,0,0,0,693854293,56
0,0,0,0,0,0,0,693854803,56
0,0,0,0,0,0,0,693855314,56
0,0,0,0,0,0,0,693855824,56
0,0,0,0,0,0,0,693856334,56
0,0,0,0,0,0,0,693856845,56
0,0,0,0,0,0,0,693857355,56
0,0,0,0,0,0,0,693857865,56
0,0,0,0,0,0,0,693858376,56
0,0,0,0,0,0,0,693858886,56
0,0,0,0,0,0,0,693859396,56
0,0,0,0,0,0,0,693859906,56
0,0,0,0,0,0,0,693860417,56
0,0,0,0,0,0,0,693860927,56
0,0,0,0,0,0,0,693861437,56
0,0,0,0,0,0,0,693861948,56
0,0,0,0,0,0,0,693862458,56
0,0,0,0,0,0,0,693862968,56
0,0,0,0,0,0,0,693863479,56
0,0,0,0,0,0,0,693863989,56
0,0,0,0,0,0,0,693864501,56
0,0,0,0,0,0,0,693865012,56
0,0,0,0,0,0,0,693865522,56
0,0,0,0,0,0,0,693866032,56
0,0,0,0,0,0,0,693866543,56
0,0,0,0,0,0,0,693867053,56
0,0,0,0,0,0,0,693867563,56
0,0,0,0,0,0,0,693868076,56
0,0,0,0,0,0,0,693868590,56
0,0,0,0,0,0,0,693869100,56
0,0,0,0,0,0,0,693869611,56
0,0,0,0,0,0,0,693870121,56
0,0,0,0,0,0,0,693870631,56
0,0,0,0,0,0,0,693871146,56
0,0,0,0,0,0,0,693871656,56
0,0,0,0,0,0,0,693872166,56
0,0,0,0,0,0,0,693872677,56
0,0,0,0,0,0,0,693873187,56
0,0,0,0,0,0,0,693873697,56
0,0,0,0,0,0,0,693874212,56
0,0,0,0,0,0,0,693874722,56
0,0,0,0,0,0,0,693875235,56
0,0,0,0,0,0,0,693875745,56
0,0,0,0,0,0,0,693876256,56
0,0,0,0,0,0,0,693876766,56
0,0,0,0,0,0,0,693877277,56
0,0,0,0,0,0,0,693877787,56
0,0,0,0,0,0,0,693878297,56
0,0,0,0,0,0,0,693878808,56
0,0,0,0,0,0,0,693879318,56
0,0,0,0,0,0,0,693879828,56
0,0,0,0,0,0,0,693880339,56
0,0,0,0,0,0,0,693880849,56
0,0,0,0,0,0,0,693881360,56
0,0,0,0,0,0,0,693881870,56
0,0,0,0,0,0,0,693882380,56
0,0,0,0,0,0,0,693882891,56
0,0,0,0,0,0,0,693883401,56
0,0,0,0,0,0,0,693883911,56
0,0,0,0,0,0,0,693884422,56
0,0,0,0,0,0,0,693884932,56
0,0,0,0,0,0,0,694112797,56
0,0,0,0,0,0,0,694113307,56
0,0,0,0,0,0,0,694113818,56
0,0,0,0,0,0,0,694114328,56
0,0,0,0,0,0,0,694114838,56
0,0,0,0,0,0,0,694115349,56
0,0,0,0,0,0,0,694115859,56
0,0,0,0,0,0,0,694116370,56
0,0,0,0,0,0,0,694116880,56
0,0,0,0,0,0,0,694117390,56
0,0,0,0,0,0,0,694117901,56
0,0,0,0,0,0,0,694118411,56
0,0,0,0,0,0,0,694118921,56
0,0,0,0,0,0,0,694119432,56
0,0,0,0,0,0,0,694119942,56
0,0,0,0,0,0,0,694120452,56
0,0,0,0,0,0,0,694120963,56
0,0,0,0,0,0,0,694121473,56
0,0,0,0,0,0,0,694121983,56
0,0,0,0,0,0,0,694122494,56
0,0,0,0,0,0,0,694123006,56
0,0,0,0,0,0,0,694123516,56
0,0,0,0,0,0,0,694124026,56
0,0,0,0,0,0,0,694124537,56
0,0,0,0,0,0,0,694125047,56
0,0,0,0,0,0,0,694125557,56
0,0,0,0,0,0,0,694126069,56
0,0,0,0,0,0,0,694126580,56
0,0,0,0,0,0,0,694127090,56
0,0,0,0,0,0,0,694127601,56
0,0,0,0,0,0,0,694128111,56
0,0,0,0,0,0,0,694128622,56
0,0,0,0,0,0,0,694129132,56
0,0,0,0,0,0,0,694129646,56
0,0,0,0,0,0,0,694130157,56
0,0,0,0,0,0,0,694130667,56
0,0,0,0,0,0,0,694131177,56
0,0,0,0,0,0,0,694131688,56
0,0,0,0,0,0,0,694132202,56
0,0,0,0,0,0,0,694132712,56
0,0,0,0,0,0,0,694133223,56
0,0,0,0,0,0,0,694133733,56
0,0,0,0,0,0,0,694134243,56
0,0,0,0,0,0,0,694134754,56
0,0,0,0,0,0,0,694135268,56
0,0,0,0,0,0,0,694135778,56
0,0,0,0,0,0,0,694136292,56
0,0,0,0,0,0,0,694136802,56
0,0,0,0,0,0,0,694137312,56
0,0,0,0,0,0,0,694137823,56
0,0,0,0,0,0,0,694138333,56
0,0,0,0,0,0,0,694138843,56
0,0,0,0,0,0,0,694139354,56
0,0,0,0,0,0,0,694139864,56
0,0,0,0,0,0,0,694140374,56
0,0,0,0,0,0,0,694140885,56
0,0,0,0,0,0,0,694141395,56
0,0,0,0,0,0,0,694141905,56
0,0,0,0,0,0,0,694142416,56
0,0,0,0,0,0,0,694142926,56
0,0,0,0,0,0,0,694143437,56
0,0,0,0,0,0,0,694143947,56
0,0,0,0,0,0,0,694144457,56
0,0,0,0,0,0,0,694144968,56
0,0,0,0,0,0,0,694145478,56
0,0,0,0,0,0,0,694145988,56
0,0,0,0,0,0,0,694146501,56
0,0,0,0,0,0,0,694147011,56
0,0,0,0,0,0,0,694147521,56
0,0,0,0,0,0,0,694148032,56
0,0,0,0,0,0,0,694148542,56
0,0,0,0,0,0,0,694149052,56
0,0,0,0,0,0,0,694149563,56
0,0,0,0,0,0,0,694150075,56
0,0,0,0,0,0,0,694150585,56
0,0,0,0,0,0,0,694151096,56
0,0,0,0,0,0,0,694151606,56
0,0,0,0,0,0,0,694152116,56
0,0,0,0,0,0,0,694152627,56
0,0,0,0,0,0,0,694153137,56
0,0,0,0,0,0,0,694153651,56
0,0,0,0,0,0,0,694154162,56
0,0,0,0,0,0,0,694154672,56
0,0,0,0,0,0,0,694155182,56
0,0,0,0,0,0,0,694155693,56
0,0,0,0,0,0,0,694156203,56
0,0,0,0,0,0,0,694156718,56
0,0,0,0,0,0,0,694157228,56
0,0,0,0,0,0,0,694157738,56
0,0,0,0,0,0,0,694158249,56
0,0,0,0,0,0,0,694158759,56
0,0,0,0,0,0,0,694159273,56
0,0,0,0,0,0,0,694159784,56
0,0,0,0,0,0,0,694160297,56
0,0,0,0,0,0,0,694160808,56
0,0,0,0,0,0,0,694161318,56
0,0,0,0,0,0,0,694161829,56
0,0,0,0,0,0,0,694162339,56
0,0,0,0,0,0,0,694162849,56
0,0,0,0,0,0,0,694163360,56
0,0,0,0,0,0,0,694163870,56
0,0,0,0,0,0,0,694164380,56
0,0,0,0,0,0,0,694164891,56
0,0,0,0,0,0,0,694165401,56
0,0,0,0,0,0,0,694165911,56
0,0,0,0,0,0,0,694166422,56
0,0,0,0,0,0,0,694166932,56
0,0,0,0,0,0,0,694167444,56
0,0,0,0,0,0,0,694167955,56
0,0,0,0,0,0,0,694168465,56
0,0,0,0,0,0,0,694168975,56
0,0,0,0,0,0,0,694169486,56
0,0,0,0,0,0,0,694169996,56
0,0,0,0,0,0,0,694170509,56
0,0,0,0,0,0,0,694171019,56
0,0,0,0,0,0,0,694171529,56
0,0,0,0,0,0,0,694172039,56
0,0,0,0,0,0,0,694172550,56
0,0,0,0,0,0,0,694173062,56
0,0,0,0,0,0,0,694173572,56
0,0,0,0,0,0,0,694174085,56
0,0,0,0,0,0,0,694174595,56
0,0,0,0,0,0,0,694175105,56
0,0,0,0,0,0,0,694175615,56
0,0,0,0,0,0,0,694176126,56
0,0,0,0,0,0,0,694176636,56
0,0,0,0,0,0,0,694177147,56
0,0,0,0,0,0,0,694177661,56
0,0,0,0,0,0,0,694178171,56
0,0,0,0,0,0,0,694178682,56
0,0,0,0,0,0,0,694179192,56
0,0,0,0,0,0,0,694179702,56
0,0,0,0,0,0,0,694180217,56
0,0,0,0,0,0,0,694180727,56
0,0,0,0,0,0,0,694407066,56
0,0,0,0,0,0,0,694407576,56
0,0,0,0,0,0,0,694408088,56
0,0,0,0,0,0,0,694408599,56
0,0,0,0,0,0,0,694409109,56
0,0,0,0,0,0,0,694409619,56
0,0,0,0,0,0,0,694410130,56
0,0,0,0,0,0,0,694410640,56
0,0,0,0,0,0,0,694411151,56
0,0,0,0,0,0,0,694411661,56
0,0,0,0,0,0,0,694412171,56
0,0,0,0,0,0,0,694412682,56
0,0,0,0,0,0,0,694413192,56
0,0,0,0,0,0,0,694413702,56
0,0,0,0,0,0,0,694414213,56
0,0,0,0,0,0,0,694414723,56
0,0,0,0,0,0,0,694415233,56
0,0,0,0,0,0,0,694415744,56
0,0,0,0,0,0,0,694416254,56
0,0,0,0,0,0,0,694416769,56
0,0,0,0,0,0,0,694417279,56
0,0,0,0,0,0,0,694417789,56
0,0,0,0,0,0,0,694418300,56
0,0,0,0,0,0,0,694418810,56
0,0,0,0,0,0,0,694419320,56
0,0,0,0,0,0,0,694419831,56
0,0,0,0,0,0,0,694420345,56
0,0,0,0,0,0,0,694420855,56
0,0,0,0,0,0,0,694421366,56
0,0,0,0,0,0,0,694421876,56
0,0,0,0,0,0,0,694422386,56
0,0,0,0,0,0,0,694422897,56
0,0,0,0,0,0,0,694423407,56
0,0,0,0,0,0,0,694423917,56
0,0,0,0,0,0,0,694424428,56
0,0,0,0,0,0,0,694424938,56
0,0,0,0,0,0,0,694425448,56
0,0,0,0,0,0,0,694425959,56
0,0,0,0,0,0,0,694426469,56
0,0,0,0,0,0,0,694426979,56
0,0,0,0,0,0,0,694427490,56
0,0,0,0,0,0,0,694428002,56
0,0,0,0,0,0,0,694428513,56
0,0,0,0,0,0,0,694429023,56
0,0,0,0,0,0,0,694429533,56
0,0,0,0,0,0,0,694430044,56
0,0,0,0,0,0,0,694430554,56
0,0,0,0,0,0,0,694431066,56
0,0,0,0,0,0,0,694431576,56
0,0,0,0,0,0,0,694432088,56
0,0,0,0,0,0,0,694432599,56
0,0,0,0,0,0,0,694433109,56
0,0,0,0,0,0,0,694433619,56
0,0,0,0,0,0,0,694434130,56
0,0,0,0,0,0,0,694434640,56
0,0,0,0,0,0,0,694435150,56
0,0,0,0,0,0,0,694435661,56
0,0,0,0,0,0,0,694436171,56
0,0,0,0,0,0,0,694436681,56
0,0,0,0,0,0,0,694437192,56
0,0,0,0,0,0,0,694437702,56
0,0,0,0,0,0,0,694438212,56
0,0,0,0,0,0,0,694438722,56
0,0,0,0,0,0,0,694439233,56
0,0,0,0,0,0,0,694439743,56
0,0,0,0,0,0,0,694440253,56
0,0,0,0,0,0,0,694440764,56
0,0,0,0,0,0,0,694441278,56
0,0,0,0,0,0,0,694441789,56
0,0,0,0,0,0,0,694442299,56
0,0,0,0,0,0,0,694442809,56
0,0,0,0,0,0,0,694443320,56
0,0,0,0,0,0,0,694443830,56
0,0,0,0,0,0,0,694444344,56
0,0,0,0,0,0,0,694444854,56
0,0,0,0,0,0,0,694445365,56
0,0,0,0,0,0,0,694445875,56
0,0,0,0,0,0,0,694446386,56
0,0,0,0,0,0,0,694446896,56
0,0,0,0,0,0,0,694447406,56
0,0,0,0,0,0,0,694447917,56
0,0,0,0,0,0,0,694448427,56
0,0,0,0,0,0,0,694448937,56
0,0,0,0,0,0,0,694449449,56
0,0,0,0,0,0,0,694449959,56
0,0,0,0,0,0,0,694450469,56
0,0,0,0,0,0,0,694450980,56
0,0,0,0,0,0,0,694451490,56
0,0,0,0,0,0,0,694452002,56
0,0,0,0,0,0,0,694452513,56
0,0,0,0,0,0,0,694453023,56
0,0,0,0,0,0,0,694453534,56
0,0,0,0,0,0,0,694454044,56
0,0,0,0,0,0,0,694454554,56
0,0,0,0,0,0,0,694455067,56
0,0,0,0,0,0,0,694455577,56
0,0,0,0,0,0,0,694456089,56
0,0,0,0,0,0,0,694456599,56
0,0,0,0,0,0,0,694457109,56
0,0,0,0,0,0,0,694457620,56
0,0,0,0,0,0,0,694458130,56
0,0,0,0,0,0,0,694458640,56
0,0,0,0,0,0,0,694459151,56
0,0,0,0,0,0,0,694459661,56
0,0,0,0,0,0,0,694460171,56
0,0,0,0,0,0,0,694460682,56
0,0,0,0,0,0,0,694461192,56
0,0,0,0,0,0,0,694461702,56
0,0,0,0,0,0,0,694462213,56
0,0,0,0,0,0,0,694462724,56
0,0,0,0,0,0,0,694463234,56
0,0,0,0,0,0,0,694463745,56
0,0,0,0,0,0,0,694464255,56
0,0,0,0,0,0,0,694464766,56
0,0,0,0,0,0,0,694465280,56
0,0,0,0,0,0,0,694465790,56
0,0,0,0,0,0,0,694466301,56
0,0,0,0,0,0,0,694466811,56
0,0,0,0,0,0,0,694467321,56
0,0,0,0,0,0,0,694467831,56
0,0,0,0,0,0,0,694468346,56
0,0,0,0,0,0,0,694468856,56
0,0,0,0,0,0,0,694469367,56
0,0,0,0,0,0,0,694469877,56
0,0,0,0,0,0,0,694470388,56
0,0,0,0,0,0,0,694470898,56
0,0,0,0,0,0,0,694471408,56
0,0,0,0,0,0,0,694471919,56
0,0,0,0,0,0,0,694472429,56
0,0,0,0,0,0,0,694472940,56
0,0,0,0,0,0,0,694473450,56
0,0,0,0,0,0,0,694473960,56
0,0,0,0,0,0,0,694474471,56
0,0,0,0,0,0,0,694474981,56
0,0,0,0,0,0,0,694711456,56
0,0,0,0,0,0,0,694711967,56
0,0,0,0,0,0,0,694712477,56
0,0,0,0,0,0,0,694712988,56
0,0,0,0,0,0,0,694713500,56
0,0,0,0,0,0,0,694714011,56
0,0,0,0,0,0,0,694714521,56
0,0,0,0,0,0,0,694715032,56
0,0,0,0,0,0,0,694715542,56
0,0,0,0,0,0,0,694716052,56
0,0,0,0,0,0,0,694716563,56
0,0,0,0,0,0,0,694717075,56
0,0,0,0,0,0,0,694717585,56
0,0,0,0,0,0,0,694718095,56
0,0,0,0,0,0,0,694718606,56
0,0,0,0,0,0,0,694719116,56
0,0,0,0,0,0,0,694719626,56
0,0,0,0,0,0,0,694720137,56
0,0,0,0,0,0,0,694720647,56
0,0,0,0,0,0,0,694721158,56
0,0,0,0,0,0,0,694721668,56
0,0,0,0,0,0,0,694722178,56
0,0,0,0,0,0,0,694722688,56
0,0,0,0,0,0,0,694723199,56
0,0,0,0,0,0,0,694723709,56
0,0,0,0,0,0,0,694724219,56
0,0,0,0,0,0,0,694724730,56
0,0,0,0,0,0,0,694725240,56
0,0,0,0,0,0,0,694725751,56
0,0,0,0,0,0,0,694726261,56
0,0,0,0,0,0,0,694726771,56
0,0,0,0,0,0,0,694727282,56
0,0,0,0,0,0,0,694727796,56
0,0,0,0,0,0,0,694728306,56
0,0,0,0,0,0,0,694728817,56
0,0,0,0,0,0,0,694729327,56
0,0,0,0,0,0,0,694729837,56
0,0,0,0,0,0,0,694730348,56
0,0,0,0,0,0,0,694730862,56
0,0,0,0,0,0,0,694731373,56
0,0,0,0,0,0,0,694731883,56
0,0,0,0,0,0,0,694732393,56
0,0,0,0,0,0,0,694732903,56
0,0,0,0,0,0,0,694733418,56
0,0,0,0,0,0,0,694733928,56
0,0,0,0,0,0,0,694734442,56
0,0,0,0,0,0,0,694734953,56
0,0,0,0,0,0,0,694735463,56
0,0,0,0,0,0,0,694735973,56
0,0,0,0,0,0,0,694736484,56
