230,-56,8802,61920,457,283,41,691075432,57
230,-56,8802,61920,457,280,38,691075942,57
184,-70,8880,61952,462,272,38,691076453,57
184,-70,8880,61936,463,270,39,691076963,57
196,-76,8878,61936,466,265,43,691077473,57
196,-76,8878,61968,462,269,44,691077984,57
244,-114,8906,61936,456,276,42,691078494,57
244,-114,8906,61936,454,286,38,691079006,57
226,-60,8898,61936,449,290,35,691079517,57
226,-60,8898,61904,446,297,41,691080027,57
188,-76,8850,61936,445,296,41,691080537,57
188,-76,8850,61904,449,295,46,691081048,57
194,-132,8862,61936,449,297,45,691081558,57
194,-132,8862,61904,447,293,44,691082070,57
182,-148,8860,61936,443,285,50,691082580,57
182,-148,8860,61968,436,282,44,691083093,57
190,-86,8890,61952,440,276,38,691083603,57
190,-86,8890,61936,446,275,32,691084113,57
190,-86,8874,61952,460,271,34,691084624,57
190,-86,8874,61936,461,265,37,691085134,57
200,-90,8826,61920,452,274,27,691085648,57
246,-42,8770,61920,454,284,14,691086159,57
246,-42,8770,61920,457,300,9,691086669,57
252,-26,8816,61952,457,304,13,691087179,57
252,-26,8816,61952,447,300,19,691087690,57
204,-112,8818,61920,439,294,22,691088200,57
204,-112,8818,61952,437,288,19,691088714,57
226,-126,8862,61936,437,287,35,691089224,57
226,-126,8862,61936,438,291,39,691089736,57
250,-72,8848,61904,438,281,32,691090246,57
250,-72,8848,61936,451,271,28,691090756,57
248,-64,8848,61936,458,272,34,691091267,57
248,-64,8848,61904,454,283,44,691091777,57
210,-112,8924,61936,449,291,49,691092288,57
210,-112,8924,61936,440,289,47,691092798,57
174,-120,8912,61904,439,283,42,691093308,57
174,-120,8912,61936,437,286,40,691093819,57
204,-74,8906,61936,439,290,35,691094329,57
204,-74,8906,61904,439,292,39,691094839,57
224,-64,8922,61920,440,289,36,691095350,57
224,-64,8922,61920,448,287,31,691095860,57
210,-86,8852,61952,457,285,25,691096370,57
210,-86,8852,61920,467,285,28,691096881,57
202,-78,8842,61952,464,288,32,691097391,57
202,-78,8842,61920,457,289,38,691097901,57
244,-58,8826,61952,446,286,42,691098412,57
244,-58,8826,61920,434,281,50,691098922,57
184,-64,8842,61952,442,275,46,691099432,57
184,-64,8842,61952,450,265,36,691099942,57
218,-64,8856,61920,451,261,32,691100453,57
218,-64,8856,61920,460,264,24,691100963,57
218,-78,8816,61952,465,275,25,691101474,57
218,-78,8816,61936,454,269,27,691101984,57
246,-88,8828,61936,440,267,29,691102494,57
246,-88,8828,61936,444,273,31,691103007,57
228,-50,8848,61936,454,285,31,691103517,57
228,-50,8848,61936,464,292,33,691104027,57
254,-86,8842,61936,472,291,37,691104538,57
254,-86,8842,61904,464,287,35,691105048,57
242,-82,8914,61904,458,297,32,691105558,57
242,-82,8914,61936,445,304,40,691106071,57
196,-86,8900,61904,433,293,48,691106581,57
196,-86,8900,61936,427,282,54,691107095,57
184,-114,8878,61920,437,274,51,691107606,57
184,-114,8878,61904,444,274,44,691108116,57
228,-54,8850,61920,453,277,38,691108626,57
228,-54,8850,61936,457,283,37,691109137,57
224,-56,8798,61984,466,294,34,691109651,57
214,-76,8836,61920,468,296,35,691110161,57
214,-76,8836,61952,467,294,33,691110672,57
186,-60,8842,61920,468,299,35,691111182,57
186,-60,8842,61920,465,305,41,691111692,57
208,-54,8814,61920,451,296,37,691112202,57
208,-54,8814,61920,442,286,37,691112717,57
214,-38,8814,61952,440,279,34,691113227,57
214,-38,8814,61936,441,281,31,691113740,57
180,-92,8856,61968,447,287,37,691114250,57
180,-92,8856,61936,453,286,35,691114760,57
194,-154,8832,61936,464,276,34,691115271,57
194,-154,8832,61936,476,270,40,691115781,57
240,-108,8804,61936,469,263,33,691116292,57
240,-108,8804,61936,466,267,31,691116802,57
206,-94,8818,61936,465,284,37,691117312,57
206,-94,8818,61936,464,295,37,691117823,57
194,-96,8846,61936,456,301,34,691118333,57
194,-96,8846,61904,449,296,39,691118843,57
206,-92,8834,61936,451,294,34,691119354,57
206,-92,8834,61920,455,289,35,691119864,57
220,-112,8858,61952,454,297,33,691120375,57
220,-112,8858,61920,448,299,43,691120885,57
176,-94,8826,61920,444,287,41,691121395,57
176,-94,8826,61952,445,279,28,691121906,57
156,-102,8882,61952,452,272,15,691122416,57
156,-102,8882,61952,459,263,13,691122926,57
184,-74,8858,61920,462,256,17,691123437,57
184,-74,8858,61952,459,260,29,691123947,57
240,-70,8834,61952,457,264,31,691124457,57
240,-70,8834,61920,451,267,29,691124968,57
186,-68,8842,61920,452,269,33,691125478,57
186,-68,8842,61920,451,273,31,691125988,57
198,-94,8832,61936,445,285,25,691126501,57
198,-94,8832,61936,436,291,27,691127011,57
250,-94,8842,61968,438,292,22,691127521,57
250,-94,8842,61936,447,289,22,691128032,57
208,-64,8810,61936,451,294,24,691128542,57
208,-64,8810,61968,451,298,27,691129052,57
146,-54,8780,61968,455,297,25,691129563,57
146,-54,8780,61936,450,286,30,691130075,57
200,-46,8874,61904,454,281,40,691130585,57
200,-46,8874,61936,454,273,49,691131099,57
302,-64,8864,61936,448,272,58,691131610,57
302,-64,8864,61968,447,271,55,691132120,57
222,-52,8858,61952,445,276,51,691132630,57
222,-52,8858,61936,437,279,47,691133141,57
150,-96,8884,61952,440,281,39,691133655,57
150,-96,8884,61936,446,280,36,691134165,57
240,-102,8794,61920,458,281,37,691134676,57
232,-50,8786,61920,467,281,31,691135186,57
232,-50,8786,61952,471,276,23,691135697,57
172,-78,8820,61952,472,271,28,691136207,57
172,-78,8820,61952,456,272,38,691136721,57
190,-100,8796,61952,445,277,40,691137232,57
190,-100,8796,61952,448,284,38,691137744,57
174,-108,8826,61936,443,288,37,691138254,57
174,-108,8826,61936,446,288,37,691138764,57
212,-72,8826,61968,445,281,39,691139275,57
212,-72,8826,61936,447,273,37,691139785,57
178,12,8858,61936,452,275,33,691140296,57
178,12,8858,61936,443,286,28,691140806,57
186,-56,8888,61936,438,301,28,691141316,57
186,-56,8888,61936,440,306,23,691141827,57
184,-94,8866,61968,440,308,26,691142337,57
184,-94,8866,61936,449,304,36,691142847,57
244,-98,8886,61936,463,296,49,691143358,57
244,-98,8886,61936,461,283,48,691143868,57
192,-92,8868,61952,451,276,37,691144378,57
192,-92,8868,61920,447,278,24,691144889,57
220,-76,8870,61952,448,276,17,691145399,57
220,-76,8870,61952,449,274,19,691145909,57
232,-54,8886,61952,453,275,11,691146420,57
232,-54,8886,61920,460,275,12,691146930,57
222,-70,8872,61920,463,279,24,691147442,57
222,-70,8872,61920,460,291,28,691147953,57
172,-114,8878,61920,447,308,33,691148463,57
172,-114,8878,61952,438,316,42,691148973,57
248,-126,8900,61952,437,303,46,691149484,57
248,-126,8900,61952,440,287,50,691149994,57
268,-144,8880,61952,437,273,54,691150507,57
268,-144,8880,61936,443,270,44,691151017,57
208,-108,8838,61936,443,271,40,691151527,57
208,-108,8838,61904,446,279,45,691152037,57
228,-146,8840,61936,446,282,49,691152548,57
228,-146,8840,61936,456,276,46,691153058,57
228,-66,8882,61936,470,268,33,691153568,57
228,-66,8882,61936,464,277,25,691154080,57
230,-52,8822,61936,457,293,31,691154591,57
230,-52,8822,61936,460,302,35,691155105,57
176,-90,8802,61936,457,315,35,691155615,57
176,-90,8802,61936,463,317,32,691156126,57
170,-70,8846,61936,467,311,29,691156636,57
170,-70,8846,61936,464,300,27,691157146,57
204,-100,8858,61952,455,294,25,691157661,57
204,-100,8858,61936,459,285,26,691158171,57
208,-76,8882,61952,461,268,34,691158681,57
178,-86,8760,61920,455,254,39,691159192,57
178,-86,8760,61952,444,254,40,691159702,57
150,-76,8774,61952,445,257,33,691160212,57
150,-76,8774,61952,452,269,28,691160726,57
246,-74,8810,61952,445,273,26,691161237,57
246,-74,8810,61952,441,273,25,691161749,57
240,-96,8868,61984,443,273,30,691162259,57
240,-96,8868,61968,435,278,37,691162770,57
220,-110,8892,61904,435,283,40,691163280,57
220,-110,8892,61936,446,293,39,691163790,57
208,-78,8904,61936,445,297,33,691164301,57
208,-78,8904,61936,439,291,32,691164811,57
208,-100,8910,61936,443,275,41,691165322,57
208,-100,8910,61936,448,270,45,691165832,57
224,-138,8894,61936,447,281,42,691166342,57
224,-138,8894,61936,462,289,43,691166853,57
196,-132,8852,61936,459,295,45,691167363,57
196,-132,8852,61936,447,296,45,691167873,57
212,-72,8814,61968,448,299,34,691168384,57
212,-72,8814,61920,457,297,23,691168894,57
230,-66,8826,61920,462,295,30,691169404,57
230,-66,8826,61920,458,302,37,691169915,57
164,-100,8838,61920,459,309,43,691170425,57
164,-100,8838,61952,456,305,43,691170936,57
202,-118,8860,61952,453,294,32,691171448,57
202,-118,8860,61952,453,286,30,691171958,57
232,-94,8820,61920,454,282,38,691172468,57
232,-94,8820,61952,452,284,42,691172979,57
190,-102,8832,61952,449,280,43,691173489,57
190,-102,8832,61952,452,269,39,691174001,57
202,-142,8820,61952,462,265,33,691174512,57
202,-142,8820,61904,469,265,35,691175022,57
164,-102,8874,61936,463,267,32,691175532,57
164,-102,8874,61904,466,274,34,691176043,57
204,-78,8818,61904,467,293,36,691176553,57
204,-78,8818,61904,459,303,29,691177065,57
170,-86,8852,61904,451,303,26,691177576,57
170,-86,8852,61936,452,301,30,691178087,57
172,-88,8872,61968,456,297,36,691178598,57
172,-88,8872,61936,462,295,42,691179109,57
204,-90,8854,61936,468,299,37,691179620,57
204,-90,8854,61968,454,294,35,691180130,57
242,-102,8804,61968,444,289,29,691180640,57
242,-102,8804,61968,433,280,19,691181151,57
186,-132,8798,61920,434,268,21,691181665,57
186,-132,8798,61904,440,260,27,691182176,57
192,-82,8854,61920,452,267,28,691182686,57
192,-82,8854,61936,458,276,30,691183196,57
224,-72,8868,61920,461,281,27,691183706,57
230,-92,8848,61888,461,278,26,691184217,57
230,-92,8848,61952,449,288,18,691184731,57
220,-56,8862,61952,446,290,14,691185241,57
220,-56,8862,61984,444,283,23,691185752,57
220,-44,8878,61952,439,273,36,691186263,57
220,-44,8878,61952,443,264,42,691186773,57
228,-92,8822,61936,454,269,38,691187284,57
228,-92,8822,61936,466,284,40,691187794,57
212,-100,8836,61936,457,291,43,691188304,57
212,-100,8836,61968,450,296,43,691188815,57
152,-94,8830,61936,436,289,39,691189325,57
152,-94,8830,61936,427,283,41,691189835,57
222,-128,8888,61904,417,283,39,691190346,57
222,-128,8888,61936,427,279,37,691190856,57
286,-90,8834,61936,432,277,40,691191366,57
286,-90,8834,61936,436,289,39,691191877,57
234,-100,8780,61968,447,297,37,691192387,57
234,-100,8780,61936,455,296,42,691192897,57
174,-76,8802,61904,464,289,39,691193408,57
174,-76,8802,61952,465,277,27,691193918,57
224,-88,8816,61952,461,279,20,691194428,57
224,-88,8816,61952,468,283,9,691194939,57
232,-76,8878,61952,463,297,14,691195449,57
232,-76,8878,61920,451,306,23,691195959,57
186,-60,8888,61920,443,305,33,691196470,57
186,-60,8888,61952,438,294,36,691196980,57
194,-54,8894,61920,442,288,37,691197491,57
194,-54,8894,61888,454,284,37,691198003,57
222,-58,8902,61920,461,276,34,691198513,57
222,-58,8902,61920,461,276,37,691199024,57
222,-60,8824,61952,457,276,45,691199534,57
222,-60,8824,61936,456,279,48,691200044,57
222,-108,8848,61936,447,283,51,691200554,57
222,-108,8848,61936,443,287,51,691201067,57
220,-136,8914,61936,442,294,38,691201577,57
220,-136,8914,61936,437,291,32,691202089,57
220,-76,8838,61936,442,289,28,691202599,57
220,-76,8838,61904,450,282,30,691203113,57
246,-100,8832,61968,458,278,35,691203623,57
246,-100,8832,61936,469,276,39,691204134,57
166,-130,8844,61904,468,277,46,691204644,57
166,-130,8844,61936,456,271,58,691205154,57
196,-104,8856,61952,457,271,55,691205669,57
196,-104,8856,61936,463,278,48,691206179,57
224,-20,8872,61920,460,299,40,691206689,57
224,-20,8872,61936,460,302,38,691207200,57
184,-50,8840,61920,457,299,40,691207710,57
204,-80,8856,61920,457,293,48,691208220,57
204,-80,8856,61920,449,288,48,691208734,57
210,-40,8854,61920,445,278,46,691209245,57
210,-40,8854,61952,445,278,44,691209755,57
224,-32,8856,61952,450,281,44,691210266,57
224,-32,8856,61920,457,289,53,691210776,57
216,-78,8842,61920,453,292,49,691211286,57
216,-78,8842,61936,446,290,39,691211797,57
172,-72,8858,61936,450,286,37,691212307,57
172,-72,8858,61936,459,286,29,691212818,57
220,-82,8912,61936,458,286,27,691213328,57
220,-82,8912,61968,465,278,27,691213838,57
198,-116,8854,61968,473,276,25,691214349,57
198,-116,8854,61936,479,289,21,691214859,57
168,-88,8854,61936,475,298,19,691215369,57
168,-88,8854,61936,461,303,28,691215880,57
212,-100,8872,61936,451,295,37,691216390,57
212,-100,8872,61936,443,288,45,691216900,57
228,-94,8852,61936,440,283,52,691217411,57
228,-94,8852,61936,442,283,58,691217921,57
182,-136,8922,61952,444,275,53,691218431,57
182,-136,8922,61920,441,274,50,691218942,57
174,-124,8858,61920,444,274,39,691219452,57
174,-124,8858,61952,446,273,27,691219962,57
260,-92,8808,61952,451,274,26,691220473,57
260,-92,8808,61952,454,271,21,691220983,57
226,-74,8798,61952,452,274,23,691221493,57
226,-74,8798,61952,450,281,33,691222006,57
176,-80,8834,61920,461,287,33,691222516,57
176,-80,8834,61952,464,292,37,691223026,57
198,-98,8906,61920,455,292,36,691223537,57
198,-98,8906,61920,451,288,29,691224047,57
228,-76,8858,61936,461,296,30,691224557,57
228,-76,8858,61936,469,296,25,691225069,57
196,-80,8862,61936,461,288,23,691225580,57
196,-80,8862,61936,457,291,22,691226091,57
178,-76,8864,61936,452,293,27,691226601,57
178,-76,8864,61936,443,281,32,691227115,57
148,-64,8872,61936,439,275,38,691227625,57
148,-64,8872,61936,443,275,37,691228136,57
238,-134,8772,61904,446,276,36,691228646,57
238,-134,8772,61936,456,277,30,691229157,57
226,-84,8774,61936,468,275,26,691229671,57
226,-84,8774,61936,468,276,22,691230181,57
150,-102,8856,61952,461,283,16,691230692,57
150,-102,8856,61936,461,280,16,691231202,57
188,-94,8860,61952,459,271,23,691231712,57
188,-94,8860,61936,455,266,29,691232222,57
208,-26,8882,61920,454,272,44,691232737,57
204,-96,8898,61920,456,282,45,691233247,57
204,-96,8898,61920,463,281,35,691233759,57
188,-94,8894,61920,461,280,25,691234270,57
188,-94,8894,61952,453,282,25,691234780,57
184,-108,8892,61952,440,282,25,691235290,57
184,-108,8892,61952,437,289,31,691235801,57
184,-92,8850,61936,437,290,35,691236311,57
184,-92,8850,61968,437,286,37,691236821,57
238,-52,8824,61968,440,283,35,691237332,57
238,-52,8824,61936,443,279,30,691237842,57
180,-44,8912,61936,446,278,27,691238353,57
180,-44,8912,61936,455,271,22,691238863,57
236,-72,8896,61936,464,257,21,691239373,57
236,-72,8896,61936,470,259,24,691239884,57
244,-132,8802,61904,466,283,29,691240394,57
244,-132,8802,61904,462,297,32,691240904,57
198,-112,8800,61968,456,308,40,691241415,57
198,-112,8800,61936,459,310,43,691241925,57
188,-60,8846,61936,453,303,45,691242436,57
188,-60,8846,61920,455,299,45,691242946,57
240,-64,8898,61920,458,293,36,691243456,57
240,-64,8898,61920,455,287,34,691243966,57
188,-72,8886,61952,452,283,35,691244477,57
188,-72,8886,61952,445,275,33,691244987,57
204,-102,8868,61920,449,273,36,691245500,57
204,-102,8868,61920,460,269,37,691246011,57
212,-72,8838,61952,459,279,42,691246521,57
212,-72,8838,61952,456,288,45,691247031,57
192,-68,8814,61920,466,287,42,691247542,57
192,-68,8814,61952,471,283,35,691248052,57
208,-74,8824,61920,466,288,34,691248562,57
208,-74,8824,61904,460,285,29,691249075,57
186,-54,8836,61936,464,278,27,691249585,57
186,-54,8836,61936,458,279,23,691250095,57
216,-76,8870,61904,450,277,30,691250606,57
216,-76,8870,61936,445,270,32,691251120,57
220,-88,8882,61936,443,266,27,691251630,57
220,-88,8882,61904,442,268,26,691252141,57
204,-66,8852,61904,443,274,36,691252651,57
204,-66,8852,61936,438,279,47,691253162,57
218,-84,8838,61936,444,279,54,691253676,57
218,-84,8838,61936,448,285,54,691254186,57
240,-106,8844,61920,439,296,44,691254697,57
240,-106,8844,61936,429,296,37,691255207,57
294,-102,8860,61888,440,284,25,691255717,57
294,-102,8860,61936,441,278,11,691256228,57
188,-112,8880,61952,445,274,4,691256742,57
214,-88,8852,61920,452,279,10,691257252,57
214,-88,8852,61952,463,279,24,691257764,57
216,-78,8828,61952,471,283,35,691258274,57
216,-78,8828,61952,468,289,33,691258785,57
202,-106,8806,61952,461,295,30,691259295,57
202,-106,8806,61984,456,298,23,691259805,57
150,-84,8850,61952,459,294,20,691260316,57
150,-84,8850,61936,466,296,23,691260826,57
204,-80,8898,61904,461,293,36,691261336,57
204,-80,8898,61936,457,300,40,691261847,57
212,-124,8882,61936,464,303,40,691262357,57
212,-124,8882,61904,464,296,33,691262868,57
168,-134,8874,61968,459,292,33,691263378,57
240,-110,8866,61952,462,270,33,691540918,57
250,-98,8848,61952,461,264,28,691541428,57
250,-98,8848,61952,460,261,31,691541939,57
268,-100,8858,61952,465,272,29,691542449,57
268,-100,8858,61952,465,287,32,691542959,57
226,-108,8894,61952,453,295,31,691543470,57
226,-108,8894,61952,438,293,22,691543980,57
238,-118,8886,61920,424,294,9,691544490,57
238,-118,8886,61936,422,293,13,691545003,57
252,-74,8874,61936,432,287,13,691545513,57
252,-74,8874,61936,453,282,22,691546024,57
218,-62,8890,61936,464,282,30,691546534,57
218,-62,8890,61936,460,287,36,691547044,57
168,-100,8858,61904,455,285,38,691547554,57
168,-100,8858,61936,457,284,28,691548067,57
226,-88,8754,61936,449,281,21,691548577,57
226,-88,8754,61936,440,275,16,691549089,57
222,-102,8806,61936,440,272,14,691549599,57
222,-102,8806,61936,453,279,13,691550109,57
182,-132,8816,61936,460,285,13,691550620,57
182,-132,8816,61920,466,280,19,691551130,57
164,-140,8900,61920,471,282,26,691551640,57
164,-140,8900,61952,472,286,31,691552151,57
228,-74,8878,61920,472,281,28,691552661,57
228,-74,8878,61920,472,269,33,691553172,57
210,-64,8888,61952,462,266,36,691553682,57
210,-64,8888,61952,453,277,39,691554193,57
152,-42,8862,61920,452,284,40,691554703,57
152,-42,8862,61920,446,294,31,691555213,57
222,-70,8834,61952,441,304,26,691555728,57
222,-70,8834,61952,447,301,22,691556238,57
272,-104,8850,61952,448,294,23,691556748,57
272,-104,8850,61904,445,283,31,691557259,57
226,-108,8924,61936,446,275,35,691557769,57
226,-108,8924,61904,448,277,37,691558279,57
236,-100,8910,61936,455,281,33,691558794,57
236,-100,8910,61936,453,291,31,691559304,57
236,-136,8868,61936,452,293,37,691559815,57
236,-136,8868,61936,456,281,41,691560325,57
256,-114,8848,61936,458,273,35,691560835,57
256,-114,8848,61936,451,265,39,691561346,57
234,-78,8876,61904,449,260,45,691561856,57
234,-78,8876,61936,449,267,49,691562367,57
178,-132,8874,61936,450,283,43,691562877,57
178,-132,8874,61936,450,295,28,691563387,57
216,-50,8838,61920,457,290,16,691563898,57
216,-50,8838,61968,460,292,20,691564408,57
212,-78,8902,61920,464,304,23,691564918,57
212,-78,8902,61936,466,305,27,691565429,57
208,-118,8882,61920,461,300,51,691565939,57
172,-126,8820,61952,458,289,54,691566449,57
172,-126,8820,61920,454,275,44,691566959,57
222,-88,8780,61920,448,271,33,691567470,57
222,-88,8780,61920,452,276,31,691567980,57
192,-106,8810,61920,452,278,32,691568491,57
192,-106,8810,61952,445,273,34,691569003,57
148,-96,8852,61952,447,274,30,691569513,57
148,-96,8852,61936,452,276,24,691570023,57
198,-98,8864,61968,451,282,14,691570534,57
198,-98,8864,61936,458,284,19,691571044,57
204,-52,8910,61968,457,288,30,691571554,57
204,-52,8910,61936,453,291,34,691572066,57
188,-152,8862,61936,451,294,43,691572577,57
188,-152,8862,61936,450,291,46,691573089,57
206,-120,8814,61968,456,287,46,691573599,57
206,-120,8814,61936,460,289,44,691574109,57
232,-112,8886,61936,462,293,41,691574620,57
232,-112,8886,61936,469,288,41,691575130,57
246,-114,8786,61968,477,284,27,691575640,57
246,-114,8786,61952,469,292,16,691576151,57
198,-98,8826,61952,460,292,23,691576661,57
198,-98,8826,61952,451,281,35,691577175,57
196,-106,8826,61952,452,274,50,691577686,57
196,-106,8826,61952,455,272,52,691578196,57
210,-86,8828,61952,456,270,47,691578706,57
210,-86,8828,61952,457,284,33,691579217,57
254,-66,8812,61952,459,298,28,691579731,57
254,-66,8812,61952,452,308,28,691580241,57
244,-92,8842,61952,444,299,34,691580752,57
244,-92,8842,61920,442,288,44,691581262,57
220,-92,8806,61936,442,284,45,691581772,57
220,-92,8806,61968,435,285,44,691582283,57
212,-134,8800,61936,438,289,39,691582797,57
212,-134,8800,61936,441,291,34,691583307,57
204,-114,8896,61936,447,294,31,691583818,57
204,-114,8896,61936,457,294,34,691584329,57
158,-114,8902,61968,465,292,31,691584839,57
158,-114,8902,61968,458,288,25,691585349,57
190,-112,8810,61936,455,283,26,691585860,57
190,-112,8810,61936,454,280,30,691586370,57
260,-90,8850,61936,446,272,33,691586880,57
260,-90,8850,61936,444,264,37,691587391,57
210,-76,8882,61952,454,264,29,691587901,57
210,-76,8882,61936,460,267,16,691588411,57
174,-68,8906,61920,465,278,9,691588922,57
174,-68,8906,61936,470,280,12,691589432,57
174,-72,8836,61920,462,273,19,691589942,57
258,-50,8792,61920,458,268,24,691590453,57
258,-50,8792,61952,457,261,28,691590963,57
220,-58,8818,61920,460,257,33,691591474,57
220,-58,8818,61952,465,269,33,691591984,57
168,-88,8850,61920,469,279,19,691592494,57
168,-88,8850,61952,462,294,9,691593006,57
266,-102,8846,61952,456,304,10,691593517,57
266,-102,8846,61920,448,308,14,691594027,57
268,-92,8822,61936,455,302,17,691594537,57
268,-92,8822,61968,451,299,27,691595048,57
196,-88,8802,61968,453,296,35,691595558,57
196,-88,8802,61936,460,290,40,691596070,57
192,-46,8832,61936,471,283,48,691596580,57
192,-46,8832,61936,467,282,58,691597091,57
238,-54,8868,61936,460,282,59,691597601,57
238,-54,8868,61936,455,288,48,691598111,57
216,-56,8818,61904,457,290,43,691598622,57
216,-56,8818,61936,460,287,43,691599132,57
200,-106,8830,61936,455,291,43,691599643,57
200,-106,8830,61936,452,301,48,691600153,57
202,-126,8808,61952,451,302,35,691600663,57
202,-126,8808,61952,461,298,28,691601177,57
238,-100,8784,61952,469,292,29,691601688,57
238,-100,8784,61952,472,290,36,691602198,57
188,-68,8784,61920,480,284,45,691602708,57
188,-68,8784,61920,481,280,43,691603219,57
156,-96,8836,61920,469,284,34,691603733,57
156,-96,8836,61920,455,293,34,691604243,57
214,-86,8858,61920,450,300,33,691604754,57
214,-86,8858,61952,444,299,31,691605264,57
230,-70,8894,61920,443,301,36,691605774,57
224,-66,8866,61904,441,291,46,691866593,57
258,-30,8870,61952,454,299,56,691867104,57
258,-30,8870,61904,456,298,52,691867614,57
204,-64,8826,61920,454,291,44,691868124,57
176,-74,8774,61952,458,288,39,691868635,57
176,-74,8774,61920,461,287,41,691869145,57
212,-114,8812,61952,456,297,36,691869655,57
212,-114,8812,61920,452,299,41,691870166,57
244,-78,8814,61920,449,295,48,691870676,57
244,-78,8814,61920,452,291,43,691871186,57
214,-104,8898,61920,451,295,34,691871697,57
214,-104,8898,61936,442,296,32,691872207,57
188,-78,8890,61904,438,282,35,691872717,57
188,-78,8890,61936,439,271,35,691873231,57
218,-48,8822,61936,437,275,35,691873741,57
218,-48,8822,61936,446,291,33,691874252,57
194,-8,8828,61936,455,303,38,691874762,57
194,-8,8828,61936,460,304,44,691875272,57
196,-52,8814,61936,460,298,42,691875787,57
196,-52,8814,61936,457,287,40,691876297,57
212,-72,8838,61968,450,284,36,691876807,57
212,-72,8838,61936,444,282,37,691877318,57
254,-58,8790,61968,444,272,40,691877828,57
254,-58,8790,61920,440,268,39,691878338,57
190,-126,8792,61920,448,269,32,691878853,57
190,-126,8792,61952,454,274,26,691879363,57
188,-140,8860,61920,459,289,37,691879874,57
188,-140,8860,61952,461,298,42,691880384,57
234,-132,8876,61952,450,301,47,691880895,57
234,-132,8876,61952,447,303,46,691881405,57
232,-128,8812,61888,460,302,35,691881915,57
232,-128,8812,61920,464,295,25,691882426,57
204,-160,8824,61888,457,294,23,691882936,57
204,-160,8824,61952,454,287,16,691883448,57
226,-104,8838,61952,454,276,17,691883959,57
226,-104,8838,61904,450,272,19,691884469,57
254,-92,8868,61904,446,279,26,691884979,57
254,-92,8868,61936,449,296,27,691885490,57
218,-90,8842,61968,458,304,26,691886002,57
218,-90,8842,61936,458,304,31,691886513,57
164,-56,8850,61936,460,300,42,691887023,57
164,-56,8850,61936,462,304,45,691887533,57
182,-66,8828,61936,462,301,37,691888044,57
182,-66,8828,61904,460,293,33,691888554,57
202,-132,8876,61904,442,295,32,691889066,57
202,-132,8876,61936,431,296,34,691889576,57
208,-112,8814,61904,436,283,40,691890088,57
208,-112,8814,61936,451,267,35,691890599,57
236,-84,8774,61920,450,266,30,691891109,57
236,-84,8774,61936,452,266,29,691891619,57
190,-78,8826,61920,455,267,28,691892130,57
190,-78,8826,61936,456,274,31,691892640,57
232,-102,8874,61952,447,288,30,691893150,57
226,-108,8854,61952,434,289,32,691893661,57
226,-108,8854,61920,434,287,38,691894171,57
174,-112,8850,61920,431,285,42,691894681,57
174,-112,8850,61920,437,291,39,691895192,57
208,-64,8874,61920,444,302,40,691895702,57
208,-64,8874,61952,451,312,34,691896212,57
224,-12,8850,61936,455,308,31,691896723,57
224,-12,8850,61968,457,303,31,691897236,57
224,-50,8886,61936,451,300,40,691897746,57
224,-50,8886,61936,450,295,51,691898257,57
234,-30,8886,61936,447,287,36,691898767,57
234,-30,8886,61936,443,286,23,691899277,57
248,-74,8850,61936,449,285,20,691899792,57
248,-74,8850,61936,457,287,27,691900302,57
184,-110,8822,61904,456,287,42,691900812,57
184,-110,8822,61904,456,279,46,691901323,57
164,-108,8782,61936,454,281,45,691901833,57
164,-108,8782,61968,447,279,43,691902343,57
180,-122,8822,61952,446,276,36,691902857,57
180,-122,8822,61920,446,276,21,691903368,57
204,-76,8934,61920,450,277,18,691903879,57
204,-76,8934,61920,445,282,25,691904389,57
226,-44,8928,61952,447,284,38,691904899,57
226,-44,8928,61920,450,283,43,691905410,57
198,-50,8864,61952,445,285,49,691905920,57
198,-50,8864,61952,445,290,52,691906431,57
188,-102,8820,61920,447,296,46,691906941,57
188,-102,8820,61920,451,301,30,691907451,57
200,-92,8814,61920,445,307,15,691907962,57
200,-92,8814,61920,443,306,8,691908472,57
194,-98,8826,61936,444,298,14,691908982,57
194,-98,8826,61968,450,297,14,691909493,57
172,-82,8910,61936,445,299,23,691910005,57
172,-82,8910,61936,440,301,37,691910515,57
188,-94,8944,61936,446,304,47,691911025,57
188,-94,8944,61968,448,307,46,691911536,57
236,-92,8914,61968,446,307,42,691912046,57
236,-92,8914,61936,452,301,32,691912557,57
194,-128,8826,61904,452,287,27,691913069,57
194,-128,8826,61904,450,280,21,691913579,57
216,-132,8784,61904,451,278,24,691914091,57
216,-132,8784,61936,453,277,28,691914601,57
226,-78,8842,61920,449,272,33,691915111,57
226,-78,8842,61904,446,273,37,691915622,57
228,-54,8864,61952,444,286,37,691916132,57
228,-54,8864,61936,444,290,41,691916642,57
198,-84,8876,61952,447,294,49,691917153,57
236,-104,8844,61920,459,302,47,691917663,57
236,-104,8844,61920,464,301,45,691918173,57
276,50,8802,61952,463,300,50,691918684,57
276,50,8802,61952,457,298,50,691919194,57
234,-88,8842,61952,454,295,40,691919704,57
234,-88,8842,61952,454,296,27,691920214,57
244,-88,8848,61920,450,289,20,691920725,57
244,-88,8848,61936,459,291,29,691921239,57
206,-138,8870,61904,477,288,38,691921750,57
206,-138,8870,61936,474,280,45,691922260,57
162,-88,8914,61936,459,280,47,691922770,57
162,-88,8914,61936,449,282,45,691923281,57
186,-68,8890,61936,450,282,37,691923795,57
186,-68,8890,61968,451,287,29,691924305,57
190,-80,8824,61936,451,285,34,691924816,57
190,-80,8824,61936,448,288,34,691925326,57
232,-82,8810,61936,449,285,32,691925836,57
232,-82,8810,61936,453,281,35,691926347,57
220,-82,8858,61936,459,286,39,691926861,57
220,-82,8858,61920,465,298,34,691927371,57
188,-74,8828,61920,467,300,33,691927883,57
188,-74,8828,61920,464,292,44,691928394,57
244,-154,8880,61920,453,278,49,691928904,57
244,-154,8880,61920,437,258,57,691929414,57
252,-46,8896,61920,436,258,50,691929925,57
252,-46,8896,61920,439,269,31,691930435,57
194,-44,8926,61920,444,279,25,691930946,57
236,-48,8806,61920,466,304,36,692202411,57
186,-52,8808,61936,460,295,39,692202931,57
186,-52,8808,61936,450,276,41,692203443,57
220,-102,8854,61936,451,267,36,692203954,57
220,-102,8854,61936,455,265,42,692204464,57
250,-116,8822,61968,459,270,39,692204974,57
250,-116,8822,61936,464,279,28,692205485,57
262,-86,8838,61936,469,290,24,692205995,57
262,-86,8838,61936,478,291,26,692206508,57
188,-78,8862,61904,481,289,29,692207018,57
188,-78,8862,61936,475,283,35,692207528,57
182,-74,8846,61936,468,276,39,692208039,57
182,-74,8846,61920,456,279,43,692208549,57
192,-66,8788,61952,456,271,36,692209061,57
192,-66,8788,61920,457,271,35,692209571,57
216,-92,8854,61952,456,279,37,692210084,57
216,-92,8854,61952,457,285,25,692210594,57
192,-94,8836,61920,459,283,18,692211104,57
192,-94,8836,61920,458,287,23,692211615,57
204,-104,8870,61920,453,288,35,692212125,57
204,-104,8870,61920,448,283,46,692212635,57
234,-120,8878,61920,448,282,45,692213146,57
234,-120,8878,61952,451,289,43,692213656,57
230,-108,8914,61952,448,291,39,692214166,57
230,-108,8914,61936,440,288,32,692214677,57
188,-112,8918,61968,440,288,30,692215187,57
188,-112,8918,61936,445,295,34,692215697,57
164,-94,8918,61904,451,296,33,692216208,57
164,-94,8918,61936,455,300,39,692216718,57
258,-34,8826,61904,453,300,42,692217228,57
258,-34,8826,61936,447,298,41,692217739,57
216,-8,8892,61936,457,294,40,692218249,57
216,-8,8892,61936,460,287,46,692218759,57
168,-72,8862,61936,458,282,50,692219270,57
168,-72,8862,61936,464,287,53,692219780,57
190,-92,8934,61936,470,283,50,692220290,57
190,-92,8934,61904,458,276,47,692220801,57
180,-82,8862,61920,443,275,43,692221311,57
180,-82,8862,61936,436,272,45,692221821,57
224,-70,8886,61952,422,274,42,692222332,57
236,-98,8820,61952,417,284,38,692222846,57
236,-98,8820,61920,425,293,40,692223357,57
210,-78,8856,61952,448,290,37,692223867,57
210,-78,8856,61952,466,288,32,692224378,57
182,-56,8852,61952,471,282,35,692224888,57
182,-56,8852,61952,474,280,33,692225398,57
222,-130,8824,61920,469,287,28,692225912,57
222,-130,8824,61888,461,298,26,692226423,57
176,-96,8830,61904,458,298,22,692226933,57
176,-96,8830,61904,455,288,19,692227445,57
242,-118,8822,61936,452,277,11,692227956,57
242,-118,8822,61936,451,274,12,692228466,57
210,-80,8874,61936,454,277,20,692228977,57
210,-80,8874,61904,454,284,24,692229487,57
208,-82,8862,61936,451,286,29,692229997,57
208,-82,8862,61968,458,277,35,692230510,57
222,-112,8824,61968,458,276,39,692231020,57
222,-112,8824,61936,457,273,41,692231530,57
200,-82,8832,61904,461,268,44,692232041,57
200,-82,8832,61936,463,266,39,692232551,57
234,-64,8850,61920,458,274,39,692233063,57
234,-64,8850,61920,450,287,43,692233574,57
200,-52,8860,61920,441,283,42,692234086,57
200,-52,8860,61952,442,281,46,692234596,57
204,-64,8878,61952,445,279,45,692235106,57
204,-64,8878,61952,444,279,42,692235617,57
250,-78,8852,61920,456,283,42,692236127,57
250,-78,8852,61952,468,286,44,692236637,57
210,-76,8868,61920,474,285,46,692237148,57
210,-76,8868,61920,465,290,51,692237658,57
200,-94,8848,61920,459,290,47,692238168,57
200,-94,8848,61952,469,287,45,692238679,57
262,-122,8834,61936,469,291,39,692239189,57
262,-122,8834,61936,458,289,41,692239700,57
244,-100,8814,61936,447,278,38,692240210,57
244,-100,8814,61904,437,275,36,692240720,57
238,-100,8802,61936,429,277,33,692241231,57
238,-100,8802,61936,432,276,33,692241741,57
196,-76,8828,61936,444,277,37,692242251,57
196,-76,8828,61936,448,274,40,692242762,57
250,-54,8846,61936,446,265,39,692243272,57
250,-54,8846,61936,443,270,28,692243782,57
210,-68,8872,61936,447,277,26,692244293,57
210,-68,8872,61968,448,276,20,692244803,57
172,-96,8816,61920,455,279,17,692245314,57
172,-96,8816,61904,457,282,33,692245824,57
158,-142,8806,61920,463,286,39,692246334,57
158,-142,8806,61936,471,281,40,692246848,57
172,-96,8872,61952,468,278,29,692247359,57
190,-98,8872,61920,458,280,27,692247869,57
190,-98,8872,61952,448,286,31,692248380,57
210,-72,8838,61920,444,278,28,692248890,57
210,-72,8838,61952,450,267,23,692249400,57
236,-108,8852,61920,457,268,29,692249914,57
236,-108,8852,61920,453,273,44,692250425,57
262,-92,8854,61920,453,280,50,692250935,57
262,-92,8854,61936,450,278,45,692251448,57
230,-60,8868,61936,448,280,38,692251958,57
230,-60,8868,61936,445,289,33,692252469,57
258,-130,8818,61936,442,291,22,692252979,57
258,-130,8818,61936,442,290,21,692253490,57
238,-120,8842,61936,449,285,27,692254002,57
238,-120,8842,61936,450,289,29,692254512,57
214,-102,8846,61936,444,289,33,692255023,57
214,-102,8846,61936,443,295,35,692255533,57
256,-78,8848,61936,437,297,32,692256043,57
256,-78,8848,61936,429,295,34,692256553,57
196,-128,8794,61936,441,285,27,692257066,57
196,-128,8794,61952,464,277,24,692257576,57
184,-118,8820,61920,469,275,27,692258088,57
184,-118,8820,61920,463,270,28,692258598,57
206,-92,8866,61952,447,271,26,692259109,57
206,-92,8866,61952,435,272,22,692259619,57
224,-112,8846,61952,433,274,13,692260129,57
224,-112,8846,61952,444,269,5,692260640,57
228,-126,8836,61952,453,261,6,692261150,57
228,-126,8836,61920,462,272,18,692261660,57
252,-70,8940,61920,461,286,37,692262171,57
252,-70,8940,61920,455,293,51,692262681,57
166,-64,8854,61952,446,298,54,692263191,57
166,-64,8854,61936,439,298,55,692263702,57
186,-90,8830,61904,439,289,50,692264212,57
186,-90,8830,61936,443,283,38,692264722,57
198,-126,8828,61936,441,285,30,692265232,57
198,-126,8828,61936,444,285,26,692265743,57
244,-130,8836,61936,455,280,26,692266253,57
244,-130,8836,61936,463,276,23,692266763,57
202,-76,8812,61952,438,269,40,692527065,57
202,-76,8812,61952,434,274,41,692527575,57
184,-102,8842,61920,438,290,42,692528087,57
184,-102,8842,61920,438,292,42,692528597,57
220,-106,8866,61936,444,295,34,692529108,57
220,-106,8866,61936,444,298,35,692529618,57
260,-72,8894,61968,451,303,33,692530128,57
260,-72,8894,61936,461,305,26,692530639,57
294,-46,8864,61968,460,302,25,692531149,57
294,-46,8864,61936,458,295,25,692531659,57
204,-52,8854,61936,462,292,31,692532170,57
204,-52,8854,61904,461,287,38,692532680,57
230,-96,8878,61936,463,288,39,692533191,57
230,-96,8878,61936,462,289,42,692533701,57
266,-78,8854,61936,459,298,51,692534211,57
266,-78,8854,61936,460,301,52,692534722,57
248,-28,8798,61936,459,302,53,692535232,57
248,-28,8798,61920,459,295,40,692535742,57
212,-88,8794,61952,465,292,33,692536253,57
212,-88,8794,61952,464,288,27,692536763,57
234,-80,8784,61952,463,289,24,692537274,57
234,-80,8784,61920,458,294,22,692537784,57
270,-44,8830,61952,458,286,22,692538294,57
270,-44,8830,61952,460,282,19,692538804,57
218,-76,8880,61920,458,278,22,692539315,57
218,-76,8880,61952,450,277,23,692539825,57
196,-124,8878,61920,442,281,31,692540336,57
196,-124,8878,61920,448,289,37,692540846,57
224,-108,8846,61952,455,300,41,692541356,57
224,-108,8846,61904,453,305,34,692541867,57
212,-66,8818,61936,454,301,29,692542377,57
212,-66,8818,61904,459,301,23,692542892,57
190,-70,8782,61936,459,305,23,692543402,57
190,-70,8782,61936,454,304,32,692543912,57
212,-116,8822,61936,455,296,40,692544422,57
212,-116,8822,61968,447,285,45,692544933,57
214,-86,8856,61968,450,282,46,692545445,57
214,-86,8856,61968,451,285,38,692545959,57
206,-120,8884,61968,448,283,36,692546470,57
206,-120,8884,61936,445,281,29,692546980,57
144,-132,8906,61952,454,290,18,692547490,57
144,-132,8906,61936,450,295,16,692548003,57
206,-116,8818,61920,437,295,17,692548513,57
206,-116,8818,61904,447,296,23,692549023,57
264,-86,8778,61952,453,290,32,692549534,57
240,-106,8774,61952,454,288,34,692550044,57
240,-106,8774,61920,452,281,32,692550554,57
176,-96,8822,61920,446,280,28,692551066,57
176,-96,8822,61920,439,281,31,692551577,57
232,-134,8842,61952,429,267,41,692552089,57
232,-134,8842,61952,425,259,46,692552599,57
210,-130,8856,61920,434,262,40,692553109,57
210,-130,8856,61936,456,268,43,692553620,57
180,-130,8906,61936,462,270,44,692554130,57
180,-130,8906,61904,462,277,46,692554640,57
178,-112,8870,61936,461,277,38,692555151,57
178,-112,8870,61904,462,280,34,692555661,57
234,-124,8838,61936,459,287,30,692556171,57
234,-124,8838,61936,455,288,26,692556682,57
212,-84,8810,61936,452,285,27,692557192,57
212,-84,8810,61936,457,282,36,692557702,57
238,-60,8786,61904,456,284,44,692558213,57
238,-60,8786,61904,443,293,52,692558723,57
244,-126,8814,61968,435,295,57,692559233,57
244,-126,8814,61936,445,285,48,692559744,57
246,-84,8802,61920,446,283,39,692560254,57
246,-84,8802,61920,442,285,29,692560764,57
198,-70,8810,61984,449,290,34,692561275,57
198,-70,8810,61952,452,289,40,692561785,57
212,-102,8798,61920,447,279,38,692562295,57
212,-102,8798,61984,448,277,28,692562806,57
202,-64,8844,61952,448,285,8,692563316,57
202,-64,8844,61920,449,297,1,692563826,57
200,-38,8862,61920,453,299,9,692564339,57
200,-38,8862,61920,448,294,20,692564849,57
184,-36,8882,61952,439,281,27,692565360,57
184,-36,8882,61920,439,280,34,692565870,57
192,-120,8840,61904,436,277,36,692566380,57
192,-120,8840,61936,433,262,34,692566895,57
202,-122,8838,61936,430,263,40,692567405,57
202,-122,8838,61936,440,275,41,692567915,57
256,-102,8864,61936,450,285,37,692568426,57
256,-102,8864,61936,462,293,34,692568936,57
204,-72,8878,61936,460,297,29,692569448,57
204,-72,8878,61936,452,298,39,692569962,57
188,-88,8788,61936,455,289,43,692570473,57
188,-88,8788,61936,457,275,42,692570983,57
208,-68,8826,61936,450,267,46,692571494,57
208,-68,8826,61904,449,271,49,692572006,57
228,-52,8816,61920,455,283,56,692572516,57
228,-52,8816,61904,456,285,50,692573027,57
178,-84,8794,61952,453,285,40,692573537,57
178,-84,8794,61904,453,287,42,692574047,57
150,-102,8846,61952,451,302,35,692574558,57
192,-110,8804,61952,451,311,29,692575070,57
192,-110,8804,61920,450,312,35,692575580,57
200,-134,8816,61920,449,310,38,692576090,57
200,-134,8816,61952,448,301,34,692576601,57
144,-162,8842,61952,448,290,29,692577111,57
144,-162,8842,61920,458,287,31,692577621,57
214,-124,8880,61920,468,277,35,692578132,57
214,-124,8880,61936,473,270,35,692578642,57
218,-82,8822,61936,464,278,36,692579152,57
218,-82,8822,61936,456,284,33,692579663,57
192,-84,8818,61936,445,286,27,692580173,57
192,-84,8818,61936,439,284,26,692580683,57
196,-92,8810,61968,453,283,35,692581194,57
196,-92,8810,61968,457,290,44,692581704,57
186,-120,8836,61936,462,300,50,692582214,57
186,-120,8836,61936,465,296,44,692582725,57
224,-82,8868,61936,460,291,42,692583235,57
224,-82,8868,61968,452,295,40,692583745,57
200,-108,8890,61936,442,294,30,692584256,57
200,-108,8890,61952,444,292,22,692584766,57
204,-60,8858,61952,443,294,24,692585276,57
204,-60,8858,61920,446,286,26,692585787,57
284,-78,8784,61952,449,266,32,692586297,57
284,-78,8784,61920,467,260,31,692586807,57
282,-82,8778,61920,470,265,27,692587318,57
282,-82,8778,61920,467,282,32,692587828,57
186,-116,8816,61952,468,297,34,692588342,57
186,-116,8816,61920,459,301,30,692588853,57
198,-98,8866,61920,448,307,29,692589363,57
198,-98,8866,61952,448,295,25,692589874,57
242,-72,8874,61952,448,277,32,692590384,57
242,-72,8874,61936,449,271,47,692590898,57
216,-70,8842,61952,446,274,26,692857270,57
216,-70,8842,61952,443,259,22,692857780,57
272,-82,8818,61920,445,260,26,692858290,57
272,-82,8818,61920,444,264,28,692858801,57
196,-50,8750,61920,446,272,29,692859311,57
196,-50,8750,61936,450,286,34,692859821,57
168,-58,8780,61936,455,291,30,692860331,57
168,-58,8780,61936,459,288,24,692860842,57
218,-100,8806,61936,463,288,18,692861352,57
218,-100,8806,61936,466,294,19,692861862,57
178,-78,8836,61904,460,292,25,692862373,57
178,-78,8836,61936,451,293,41,692862883,57
204,-68,8826,61936,448,298,51,692863397,57
204,-68,8826,61936,452,292,56,692863908,57
148,-146,8800,61936,459,286,54,692864418,57
148,-146,8800,61936,461,283,49,692864928,57
146,-148,8776,61936,457,288,41,692865441,57
146,-148,8776,61920,453,281,38,692865951,57
180,-90,8844,61920,456,279,38,692866465,57
180,-90,8844,61920,454,276,37,692866976,57
152,-94,8898,61952,461,271,29,692867486,57
152,-94,8898,61920,469,270,27,692867996,57
162,-86,8880,61920,464,278,34,692868509,57
162,-86,8880,61920,461,293,39,692869023,57
202,-102,8858,61920,457,300,39,692869533,57
202,-102,8858,61920,445,295,25,692870045,57
214,-126,8856,61920,441,284,21,692870555,57
214,-126,8856,61952,447,271,25,692871067,57
198,-84,8846,61968,470,267,33,692871578,57
198,-84,8846,61936,477,273,32,692872090,57
240,-86,8818,61936,483,281,25,692872600,57
240,-86,8818,61936,474,281,25,692873110,57
254,-98,8876,61936,465,279,26,692873621,57
254,-98,8876,61968,458,280,21,692874131,57
220,-114,8884,61936,451,279,21,692874641,57
220,-114,8884,61904,450,269,15,692875152,57
238,-64,8820,61936,444,262,13,692875662,57
238,-64,8820,61936,445,258,14,692876173,57
224,-54,8840,61936,444,270,13,692876683,57
224,-54,8840,61936,446,285,16,692877193,57
232,-74,8858,61936,447,290,22,692877704,57
232,-74,8858,61936,443,286,22,692878214,57
226,-100,8868,61952,448,282,22,692878724,57
226,-100,8868,61936,454,283,22,692879235,57
156,-106,8832,61920,448,283,27,692879745,57
172,-136,8832,61952,442,279,40,692880255,57
172,-136,8832,61952,444,286,47,692880766,57
216,-114,8740,61920,438,292,44,692881276,57
216,-114,8740,61920,432,296,40,692881786,57
196,-74,8790,61920,437,289,39,692882297,57
196,-74,8790,61888,444,280,43,692882807,57
142,-96,8824,61920,444,271,46,692883318,57
142,-96,8824,61952,448,262,43,692883828,57
232,-74,8860,61936,456,258,35,692884338,57
232,-74,8860,61936,455,265,39,692884849,57
268,-64,8860,61904,458,276,44,692885359,57
268,-64,8860,61904,462,287,44,692885869,57
174,-72,8840,61936,461,297,38,692886380,57
174,-72,8840,61968,457,306,38,692886890,57
214,-122,8860,61968,453,303,40,692887404,57
214,-122,8860,61936,449,295,37,692887915,57
244,-118,8886,61904,440,291,40,692888425,57
244,-118,8886,61936,438,284,44,692888936,57
226,-58,8770,61936,451,278,46,692889448,57
226,-58,8770,61904,451,280,51,692889962,57
200,-68,8846,61920,443,276,44,692890473,57
200,-68,8846,61920,439,267,34,692890983,57
214,-74,8876,61920,442,271,27,692891494,57
214,-74,8876,61920,447,281,24,692892006,57
250,-74,8846,61952,449,286,20,692892516,57
250,-74,8846,61952,450,289,23,692893030,57
216,-88,8878,61952,457,288,27,692893540,57
216,-88,8878,61920,455,282,38,692894051,57
200,-88,8882,61888,450,284,50,692894561,57
200,-88,8882,61952,448,292,53,692895073,57
262,-76,8852,61920,451,295,45,692895584,57
262,-76,8852,61904,457,297,23,692896094,57
270,-66,8760,61968,458,294,19,692896604,57
270,-66,8760,61936,459,292,28,692897115,57
196,-110,8872,61936,453,294,37,692897625,57
196,-110,8872,61904,451,291,40,692898136,57
186,-180,8940,61936,454,287,33,692898646,57
186,-180,8940,61936,455,281,24,692899156,57
238,-38,8822,61936,462,274,28,692899667,57
238,-38,8822,61936,463,276,34,692900177,57
174,-104,8848,61936,463,280,38,692900687,57
174,-104,8848,61968,460,284,42,692901198,57
184,-76,8866,61936,460,286,31,692901708,57
184,-76,8866,61936,463,287,21,692902219,57
236,-90,8818,61920,456,278,31,692902729,57
236,-90,8818,61936,450,269,37,692903239,57
238,-66,8820,61952,454,271,40,692903750,57
238,-66,8820,61936,459,272,50,692904260,57
246,-92,8868,61952,452,277,48,692904770,57
216,-94,8864,61952,449,279,48,692905281,57
216,-94,8864,61952,460,290,36,692905791,57
208,-60,8878,61952,462,298,31,692906301,57
208,-60,8878,61952,462,295,38,692906812,57
206,-44,8860,61920,469,292,46,692907322,57
206,-44,8860,61920,469,286,52,692907832,57
208,-88,8842,61920,453,287,40,692908343,57
208,-88,8842,61968,442,290,32,692908853,57
200,-112,8902,61936,437,285,36,692909364,57
200,-112,8902,61936,439,282,33,692909874,57
242,-54,8826,61968,446,286,36,692910384,57
242,-54,8826,61936,463,288,38,692910894,57
220,-78,8868,61936,470,286,35,692911409,57
220,-78,8868,61968,471,292,39,692911919,57
206,-94,8834,61936,467,291,37,692912430,57
206,-94,8834,61936,461,289,42,692912940,57
172,-64,8898,61936,454,285,48,692913450,57
172,-64,8898,61936,449,283,56,692913965,57
246,-70,8868,61936,446,279,56,692914475,57
246,-70,8868,61920,447,274,37,692914985,57
268,-112,8876,61952,444,281,32,692915496,57
268,-112,8876,61952,444,289,32,692916008,57
196,-112,8882,61952,453,285,25,692916518,57
196,-112,8882,61920,469,283,24,692917033,57
190,-112,8846,61920,465,280,25,692917543,57
190,-112,8846,61920,458,280,26,692918054,57
208,-110,8822,61920,458,279,32,692918564,57
208,-110,8822,61952,453,279,44,692919076,57
180,-56,8870,61920,444,281,46,692919586,57
180,-56,8870,61920,444,286,47,692920097,57
198,-70,8828,61920,448,291,44,692920607,57
212,-92,8826,61936,456,297,47,693184446,57
168,-94,8846,61920,455,285,41,693184956,57
170,-90,8882,61920,459,278,38,693185467,57
170,-90,8882,61952,460,267,37,693185977,57
216,-68,8906,61952,471,263,32,693186488,57
216,-68,8906,61952,479,270,32,693186998,57
226,-84,8928,61952,466,271,39,693187510,57
226,-84,8928,61952,449,277,48,693188025,57
202,-110,8850,61936,443,278,46,693188535,57
202,-110,8850,61936,445,285,43,693189045,57
186,-102,8800,61936,446,288,40,693189555,57
186,-102,8800,61936,454,289,28,693190068,57
200,-32,8818,61968,453,283,26,693190578,57
200,-32,8818,61968,453,287,36,693191094,57
220,-84,8804,61936,451,287,44,693191604,57
220,-84,8804,61968,446,275,47,693192115,57
204,-128,8806,61936,441,269,45,693192625,57
204,-128,8806,61968,441,276,45,693193135,57
208,-106,8842,61936,456,282,53,693193646,57
208,-106,8842,61936,470,280,52,693194156,57
280,-112,8806,61920,477,284,46,693194666,57
280,-112,8806,61952,469,293,40,693195177,57
224,-108,8810,61952,467,303,32,693195687,57
224,-108,8810,61920,462,305,30,693196197,57
234,-110,8846,61920,455,297,29,693196708,57
234,-110,8846,61952,453,288,34,693197218,57
262,-84,8910,61952,463,274,40,693197728,57
262,-84,8910,61952,475,263,34,693198239,57
220,-98,8874,61952,470,260,33,693198749,57
220,-98,8874,61952,463,265,35,693199259,57
196,-78,8852,61952,467,273,35,693199770,57
196,-78,8852,61920,469,278,32,693200280,57
196,-108,8834,61952,463,280,37,693200791,57
196,-108,8834,61936,451,277,51,693201301,57
196,-146,8840,61936,455,275,56,693201811,57
196,-146,8840,61936,457,279,52,693202322,57
212,-86,8888,61936,448,284,41,693202832,57
212,-86,8888,61936,439,290,35,693203342,57
220,-130,8874,61936,444,292,31,693203853,57
220,-130,8874,61904,451,293,28,693204363,57
212,-74,8834,61904,456,301,36,693204873,57
212,-74,8834,61936,456,300,35,693205384,57
224,-58,8844,61936,449,301,37,693205894,57
224,-58,8844,61936,440,289,38,693206404,57
244,-88,8884,61904,442,276,36,693206915,57
244,-88,8884,61904,445,267,36,693207425,57
232,-80,8908,61952,454,265,26,693207935,57
232,-80,8908,61936,458,269,23,693208448,57
258,-80,8820,61952,456,282,21,693208958,57
242,-100,8874,61920,452,281,21,693209471,57
242,-100,8874,61952,441,279,22,693209982,57
178,-94,8944,61952,444,281,16,693210492,57
178,-94,8944,61920,459,278,17,693211004,57
158,-124,8838,61920,461,275,27,693211515,57
158,-124,8838,61952,455,274,35,693212029,57
242,-118,8852,61920,452,278,33,693212539,57
242,-118,8852,61936,454,283,36,693213050,57
266,-100,8838,61936,449,286,36,693213560,57
266,-100,8838,61968,447,291,44,693214072,57
172,-58,8888,61968,449,293,39,693214582,57
172,-58,8888,61936,440,292,40,693215097,57
204,-72,8808,61968,433,288,41,693215607,57
204,-72,8808,61936,434,290,42,693216118,57
276,-92,8818,61936,443,294,44,693216628,57
276,-92,8818,61936,457,295,44,693217138,57
202,-116,8796,61936,457,286,38,693217649,57
202,-116,8796,61936,459,281,38,693218159,57
220,-108,8782,61936,456,283,38,693218670,57
220,-108,8782,61920,454,286,31,693219180,57
226,-90,8868,61920,453,291,23,693219690,57
226,-90,8868,61920,453,293,20,693220201,57
240,-48,8868,61920,456,292,18,693220711,57
240,-48,8868,61952,455,293,15,693221221,57
226,-84,8812,61952,456,300,13,693221732,57
226,-84,8812,61952,454,291,18,693222242,57
186,-120,8852,61920,456,270,29,693222752,57
186,-120,8852,61920,456,258,38,693223263,57
254,-110,8892,61920,450,261,47,693223773,57
254,-110,8892,61920,452,266,52,693224283,57
222,-76,8910,61952,454,269,51,693224794,57
222,-76,8910,61920,454,272,45,693225304,57
226,-98,8870,61968,453,275,31,693225814,57
226,-98,8870,61936,451,280,25,693226325,57
202,-114,8854,61904,451,285,30,693226835,57
202,-114,8854,61936,445,288,42,693227346,57
212,-74,8794,61936,450,287,48,693227856,57
212,-74,8794,61936,460,287,49,693228367,57
218,-102,8764,61968,462,285,47,693228877,57
218,-102,8764,61936,462,287,50,693229387,57
200,-112,8790,61904,461,284,42,693229897,57
200,-112,8790,61936,455,277,34,693230408,57
184,-120,8846,61904,455,279,30,693230918,57
184,-120,8846,61936,457,289,26,693231429,57
248,-82,8844,61952,455,293,22,693231939,57
248,-82,8844,61936,456,287,25,693232449,57
268,-92,8884,61920,451,274,29,693232959,57
268,-92,8884,61936,441,273,27,693233474,57
236,-118,8934,61952,445,274,26,693233984,57
224,-112,8882,61952,445,285,26,693234495,57
224,-112,8882,61952,438,294,33,693235007,57
242,-98,8920,61952,432,296,28,693235517,57
242,-98,8920,61952,440,295,35,693236031,57
236,-114,8882,61952,439,294,44,693236542,57
236,-114,8882,61952,434,295,53,693237052,57
204,-120,8830,61952,444,292,54,693237562,57
204,-120,8830,61936,458,283,53,693238074,57
232,-118,8838,61904,454,287,51,693238585,57
232,-118,8838,61936,449,281,52,693239099,57
224,-60,8842,61936,451,276,43,693239609,57
224,-60,8842,61936,462,281,36,693240120,57
226,-72,8850,61904,459,280,32,693240630,57
226,-72,8850,61936,456,276,28,693241141,57
192,-106,8780,61936,447,281,28,693241651,57
192,-106,8780,61936,442,293,32,693242161,57
210,-114,8840,61936,442,304,31,693242672,57
210,-114,8840,61936,437,301,36,693243182,57
202,-66,8862,61904,443,293,34,693243692,57
202,-66,8862,61920,452,285,32,693244203,57
132,-112,8778,61920,454,273,33,693244713,57
132,-112,8778,61952,456,265,32,693245224,57
156,-82,8818,61952,456,274,36,693245734,57
156,-82,8818,61920,464,277,42,693246244,57
224,-60,8828,61952,472,274,34,693246755,57
224,-60,8828,61920,478,280,30,693247265,57
202,-54,8774,61952,467,281,30,693247775,57
200,-90,8760,61920,478,283,35,693516679,57
200,-90,8760,61952,466,287,39,693517189,57
166,-124,8768,61952,462,295,37,693517700,57
166,-124,8768,61920,464,302,30,693518210,57
204,-80,8814,61920,454,297,28,693518721,57
204,-80,8814,61952,450,287,31,693519231,57
240,-80,8834,61920,458,279,32,693519741,57
240,-80,8834,61936,451,278,42,693520252,57
198,-98,8850,61904,450,289,49,693520762,57
198,-98,8850,61936,454,301,51,693521272,57
212,-52,8852,61936,452,304,52,693521783,57
212,-52,8852,61936,453,299,42,693522293,57
220,-88,8792,61936,459,296,26,693522803,57
220,-88,8792,61968,461,292,27,693523314,57
232,-34,8832,61936,458,283,29,693523824,57
232,-34,8832,61936,451,277,33,693524335,57
184,-122,8876,61968,446,279,42,693524845,57
184,-122,8876,61968,446,290,45,693525355,57
180,-42,8872,61936,444,297,46,693525866,57
180,-42,8872,61920,443,303,45,693526376,57
196,-144,8844,61920,442,293,40,693526886,57
196,-144,8844,61952,437,288,38,693527397,57
164,-102,8860,61920,440,297,37,693527907,57
164,-102,8860,61952,441,298,44,693528417,57
152,-88,8806,61952,446,292,47,693528928,57
152,-88,8806,61920,457,288,49,693529438,57
194,-106,8808,61920,464,289,52,693529948,57
194,-106,8808,61920,459,291,47,693530459,57
260,-50,8848,61952,451,293,46,693530969,57
260,-50,8848,61952,458,301,51,693531480,57
188,-92,8810,61920,458,303,50,693531990,57
188,-92,8810,61936,450,291,39,693532502,57
162,-156,8826,61936,457,289,20,693533013,57
162,-156,8826,61936,461,282,10,693533527,57
218,-94,8796,61936,463,274,21,693534037,57
218,-94,8796,61936,459,276,36,693534547,57
168,-76,8890,61936,457,278,42,693535058,57
168,-76,8890,61904,462,270,43,693535568,57
156,-78,8898,61936,465,265,35,693536084,57
156,-78,8898,61936,456,268,27,693536595,57
200,-100,8872,61968,451,277,29,693537105,57
200,-100,8872,61968,458,284,28,693537615,57
216,-58,8850,61904,464,290,30,693538125,57
216,-58,8850,61968,473,295,31,693538636,57
214,-80,8846,61952,470,295,19,693539150,57
214,-80,8846,61904,467,292,13,693539660,57
188,-76,8922,61920,460,287,1,693540173,57
206,-110,8848,61920,459,283,5,693540683,57
206,-110,8848,61920,461,284,12,693541194,57
220,-120,8822,61920,454,278,20,693541704,57
220,-120,8822,61952,448,280,31,693542215,57
190,-138,8838,61920,444,284,43,693542725,57
190,-138,8838,61952,433,293,45,693543235,57
202,-134,8846,61920,433,296,47,693543746,57
202,-134,8846,61952,443,295,38,693544256,57
208,-102,8818,61936,448,274,20,693544767,57
208,-102,8818,61936,449,265,26,693545277,57
204,-34,8768,61936,450,265,38,693545787,57
204,-34,8768,61936,452,270,39,693546298,57
212,-78,8852,61936,455,280,34,693546808,57
212,-78,8852,61936,456,285,25,693547318,57
210,-92,8830,61936,461,289,21,693547829,57
210,-92,8830,61936,467,288,18,693548339,57
218,-62,8898,61936,466,293,15,693548849,57
218,-62,8898,61968,459,302,22,693549360,57
182,-64,8834,61904,457,303,26,693549870,57
182,-64,8834,61904,455,294,26,693550380,57
194,-96,8824,61952,457,282,32,693550890,57
194,-96,8824,61952,461,269,43,693551401,57
182,-56,8798,61952,461,270,48,693551911,57
182,-56,8798,61952,467,280,44,693552422,57
210,-32,8856,61952,468,293,38,693552932,57
210,-32,8856,61952,468,302,40,693553444,57
196,-70,8866,61920,464,307,39,693553954,57
196,-70,8866,61920,466,308,33,693554465,57
184,-132,8844,61952,464,312,32,693554975,57
184,-132,8844,61952,462,311,35,693555486,57
196,-72,8790,61952,456,302,35,693555996,57
196,-72,8790,61952,457,292,38,693556508,57
214,-76,8820,61936,462,270,36,693557019,57
214,-76,8820,61936,465,263,39,693557533,57
186,-68,8854,61904,469,265,33,693558043,57
186,-68,8854,61936,467,268,32,693558553,57
194,-102,8876,61968,465,279,41,693559066,57
194,-102,8876,61936,463,286,39,693559576,57
234,-68,8872,61936,451,287,32,693560092,57
234,-68,8872,61936,444,286,34,693560602,57
212,-76,8782,61968,445,278,48,693561113,57
212,-76,8782,61936,449,273,52,693561623,57
218,-124,8774,61936,454,280,46,693562133,57
218,-124,8774,61936,458,289,38,693562644,57
256,-90,8828,61920,465,289,31,693563158,57
256,-90,8828,61904,468,290,26,693563668,57
216,-80,8870,61920,467,289,25,693564179,57
216,-80,8870,61936,461,293,33,693564689,57
200,-84,8854,61952,453,299,46,693565199,57
184,-86,8848,61952,449,292,53,693565710,57
184,-86,8848,61952,444,286,57,693566220,57
214,-62,8802,61952,443,286,54,693566730,57
214,-62,8802,61952,448,290,54,693567241,57
252,-108,8862,61920,452,282,47,693567751,57
252,-108,8862,61952,452,265,36,693568262,57
246,-98,8832,61920,461,253,28,693568772,57
246,-98,8832,61936,466,250,22,693569282,57
244,-94,8818,61936,464,246,17,693569793,57
244,-94,8818,61968,457,249,21,693570303,57
198,-84,8798,61936,448,254,29,693570813,57
198,-84,8798,61936,452,261,37,693571324,57
228,-120,8838,61936,460,267,36,693571834,57
228,-120,8838,61936,461,273,29,693572344,57
204,-96,8858,61936,463,280,27,693572855,57
204,-96,8858,61936,472,288,32,693573365,57
196,-80,8830,61904,477,288,32,693573876,57
196,-80,8830,61936,470,288,34,693574386,57
204,-80,8860,61936,455,288,33,693574896,57
204,-80,8860,61952,441,290,33,693575407,57
228,-40,8830,61952,442,294,32,693575917,57
228,-40,8830,61952,446,294,30,693576427,57
190,-76,8796,61952,444,282,35,693576937,57
190,-76,8796,61952,449,272,40,693577449,57
234,-94,8760,61920,458,273,38,693577959,57
234,-94,8760,61920,455,278,25,693578469,57
246,-94,8786,61920,454,279,16,693578980,57
246,-94,8786,61952,464,274,28,693579490,57
218,-78,8834,61952,470,272,42,693580002,57
218,-78,8834,61952,461,276,37,693580513,57
196,-72,8792,61920,454,288,30,693581023,57
196,-72,8792,61936,447,299,29,693581537,57
194,-68,8880,61936,452,301,33,693582048,57
194,-68,8880,61936,444,298,39,693582558,57
232,-90,8906,61936,443,294,42,693583070,57
232,-90,8906,61936,446,285,43,693583581,57
184,-102,8848,61968,453,279,51,693584095,57
184,-102,8848,61936,457,280,55,693584605,57
184,-98,8852,61936,452,288,49,693585116,57
168,-120,8840,61920,456,283,22,693820068,57
168,-120,8840,61952,447,276,30,693820583,57
250,-52,8842,61952,448,277,35,693821093,57
250,-52,8842,61952,453,281,46,693821603,57
264,-50,8914,61952,454,285,57,693822114,57
264,-50,8914,61920,445,278,54,693822624,57
202,-106,8822,61952,451,276,49,693823139,57
202,-106,8822,61920,450,280,38,693823649,57
200,-128,8850,61920,448,285,35,693824159,57
200,-128,8850,61952,453,288,29,693824670,57
250,-104,8872,61952,457,296,34,693825180,57
250,-104,8872,61936,449,302,39,693825690,57
248,-94,8802,61936,450,300,37,693826204,57
248,-94,8802,61904,453,299,33,693826715,57
226,-108,8850,61936,454,301,25,693827226,57
226,-108,8850,61936,443,299,25,693827736,57
226,-94,8810,61936,438,284,23,693828247,57
226,-94,8810,61968,436,277,28,693828757,57
212,-106,8836,61968,442,275,33,693829267,57
212,-106,8836,61936,442,281,36,693829778,57
184,-108,8880,61936,447,292,31,693830288,57
184,-108,8880,61968,452,299,22,693830798,57
226,-106,8848,61904,446,304,23,693831309,57
226,-106,8848,61936,453,305,24,693831819,57
178,-76,8830,61920,463,310,36,693832329,57
178,-76,8830,61936,463,307,44,693832840,57
216,-76,8844,61952,455,289,47,693833350,57
216,-76,8844,61936,449,278,46,693833860,57
194,-74,8866,61952,446,267,36,693834371,57
202,-108,8924,61920,437,272,38,693834881,57
202,-108,8924,61952,430,279,28,693835391,57
266,-88,8890,61952,435,283,18,693835902,57
266,-88,8890,61920,437,275,28,693836412,57
222,-74,8916,61920,440,273,38,693836922,57
222,-74,8916,61952,442,279,36,693837433,57
168,-46,8848,61920,444,287,33,693837943,57
168,-46,8848,61936,447,293,33,693838453,57
192,-52,8782,61936,448,285,33,693838964,57
192,-52,8782,61936,450,285,32,693839474,57
234,-76,8770,61936,453,287,31,693839985,57
234,-76,8770,61968,450,293,25,693840495,57
214,-102,8818,61904,450,291,22,693841007,57
214,-102,8818,61904,444,292,19,693841518,57
162,-132,8802,61936,443,299,32,693842028,57
162,-132,8802,61936,450,301,43,693842538,57
186,-98,8846,61936,449,293,49,693843049,57
186,-98,8846,61904,447,289,47,693843559,57
202,-110,8808,61920,449,276,39,693844071,57
202,-110,8808,61920,451,269,26,693844585,57
136,-76,8842,61920,449,267,27,693845096,57
136,-76,8842,61952,448,268,39,693845606,57
166,-114,8822,61952,444,271,53,693846117,57
166,-114,8822,61952,447,276,62,693846627,57
226,-118,8870,61952,444,282,63,693847142,57
226,-118,8870,61952,443,285,53,693847652,57
260,-52,8910,61920,445,281,35,693848162,57
260,-52,8910,61920,452,279,20,693848673,57
232,-74,8850,61952,449,277,18,693849183,57
232,-74,8850,61952,437,277,10,693849693,57
236,-138,8854,61936,426,288,9,693850208,57
236,-138,8854,61936,433,291,10,693850718,57
208,-104,8832,61936,437,294,25,693851231,57
208,-104,8832,61936,438,295,38,693851741,57
188,-86,8866,61936,439,296,36,693852252,57
188,-86,8866,61936,446,293,41,693852762,57
176,-82,8866,61936,453,287,43,693853272,57
176,-82,8866,61936,451,282,46,693853783,57
220,-104,8912,61936,455,277,47,693854293,57
220,-104,8912,61936,456,278,52,693854803,57
276,-68,8850,61936,458,280,55,693855314,57
276,-68,8850,61936,456,285,49,693855824,57
198,-54,8858,61920,448,299,46,693856334,57
198,-54,8858,61936,444,304,46,693856845,57
190,-106,8874,61952,451,308,51,693857355,57
190,-106,8874,61936,453,303,51,693857865,57
268,-106,8850,61920,469,288,46,693858376,57
252,-42,8804,61920,466,275,43,693858886,57
252,-42,8804,61952,462,267,33,693859396,57
236,-38,8812,61920,454,265,39,693859906,57
236,-38,8812,61920,445,273,47,693860417,57
252,-66,8762,61920,449,283,51,693860927,57
252,-66,8762,61952,458,282,45,693861437,57
238,-78,8808,61920,459,280,42,693861948,57
238,-78,8808,61952,458,274,35,693862458,57
238,-88,8874,61936,457,278,42,693862968,57
238,-88,8874,61904,454,281,47,693863479,57
208,-106,8796,61936,448,288,50,693863989,57
208,-106,8796,61936,443,295,49,693864501,57
204,-64,8832,61936,453,290,46,693865012,57
204,-64,8832,61936,463,280,45,693865522,57
226,-54,8894,61936,452,279,40,693866032,57
226,-54,8894,61936,441,283,32,693866543,57
212,-58,8876,61936,448,287,27,693867053,57
212,-58,8876,61936,451,288,20,693867563,57
208,-82,8866,61936,451,292,24,693868076,57
208,-82,8866,61920,452,288,29,693868590,57
232,-96,8866,61920,453,280,36,693869100,57
232,-96,8866,61952,454,277,38,693869611,57
288,-86,8868,61920,455,284,34,693870121,57
288,-86,8868,61952,444,294,32,693870631,57
226,-68,8844,61952,432,297,29,693871146,57
226,-68,8844,61952,430,293,30,693871656,57
208,-60,8890,61920,438,292,37,693872166,57
208,-60,8890,61920,446,277,36,693872677,57
224,-94,8842,61952,456,265,32,693873187,57
224,-94,8842,61952,460,265,36,693873697,57
296,-98,8818,61952,466,273,34,693874212,57
296,-98,8818,61936,468,286,29,693874722,57
224,-120,8830,61936,465,288,29,693875235,57
224,-120,8830,61968,466,285,28,693875745,57
242,-100,8806,61968,467,289,32,693876256,57
242,-100,8806,61904,458,287,32,693876766,57
232,-112,8814,61936,450,291,27,693877277,57
232,-112,8814,61936,447,290,24,693877787,57
204,-124,8874,61936,445,283,21,693878297,57
204,-124,8874,61936,441,281,19,693878808,57
216,-122,8838,61936,447,277,19,693879318,57
216,-122,8838,61936,456,276,28,693879828,57
232,-120,8814,61936,463,275,35,693880339,57
232,-120,8814,61936,463,275,38,693880849,57
232,-96,8866,61920,452,282,31,693881360,57
232,-96,8866,61904,442,284,23,693881870,57
178,-32,8814,61952,444,284,12,693882380,57
178,-32,8814,61936,447,285,12,693882891,57
162,-12,8842,61952,445,284,18,693883401,57
186,-74,8796,61952,442,282,20,693883911,57
186,-74,8796,61920,443,276,29,693884422,57
246,-88,8892,61920,448,272,46,693884932,57
252,-58,8824,61952,445,276,42,694112797,57
240,-66,8830,61920,448,280,37,694113307,57
240,-66,8830,61920,450,276,35,694113818,57
200,-114,8878,61920,452,277,40,694114328,57
200,-114,8878,61952,459,272,49,694114838,57
198,-154,8902,61920,461,269,52,694115349,57
198,-154,8902,61952,453,270,41,694115859,57
232,-76,8942,61920,449,272,34,694116370,57
232,-76,8942,61936,453,277,39,694116880,57
202,-100,8858,61904,456,282,35,694117390,57
202,-100,8858,61936,455,294,32,694117901,57
210,-136,8826,61968,457,299,37,694118411,57
210,-136,8826,61936,457,290,41,694118921,57
248,-78,8842,61936,461,281,44,694119432,57
248,-78,8842,61968,465,281,41,694119942,57
244,-128,8882,61936,459,281,39,694120452,57
244,-128,8882,61904,455,276,35,694120963,57
202,-126,8856,61936,460,271,22,694121473,57
202,-126,8856,61936,463,277,23,694121983,57
182,-106,8924,61936,467,284,35,694122494,57
182,-106,8924,61968,464,290,37,694123006,57
176,-102,8850,61920,462,289,43,694123516,57
176,-102,8850,61904,465,281,42,694124026,57
210,-76,8818,61920,456,273,34,694124537,57
210,-76,8818,61936,450,272,35,694125047,57
214,-60,8840,61920,445,284,33,694125557,57
200,-82,8842,61952,450,294,30,694126069,57
200,-82,8842,61952,445,292,26,694126580,57
228,-68,8744,61952,437,289,30,694127090,57
228,-68,8744,61920,436,284,38,694127601,57
232,-18,8826,61952,438,288,32,694128111,57
232,-18,8826,61920,438,286,30,694128622,57
168,-72,8794,61920,436,285,34,694129132,57
168,-72,8794,61936,439,291,37,694129646,57
154,-58,8846,61936,448,295,41,694130157,57
154,-58,8846,61904,451,292,37,694130667,57
162,-78,8806,61936,450,287,33,694131177,57
162,-78,8806,61936,447,288,30,694131688,57
198,-106,8836,61936,447,287,25,694132202,57
198,-106,8836,61936,446,289,21,694132712,57
212,-100,8846,61936,446,291,26,694133223,57
212,-100,8846,61936,452,291,33,694133733,57
248,-50,8824,61936,459,284,36,694134243,57
248,-50,8824,61936,456,284,39,694134754,57
240,-60,8808,61952,448,294,38,694135268,57
240,-60,8808,61952,440,289,45,694135778,57
182,-74,8830,61920,443,277,49,694136292,57
182,-74,8830,61920,451,263,42,694136802,57
198,-142,8858,61920,446,262,36,694137312,57
198,-142,8858,61920,453,278,33,694137823,57
224,-112,8836,61920,460,291,36,694138333,57
224,-112,8836,61952,454,300,38,694138843,57
174,-86,8858,61952,448,300,41,694139354,57
174,-86,8858,61920,451,297,44,694139864,57
168,-114,8850,61888,458,293,47,694140374,57
168,-114,8850,61952,465,296,41,694140885,57
196,-114,8806,61920,455,296,35,694141395,57
196,-114,8806,61936,449,296,30,694141905,57
178,-102,8758,61936,448,296,30,694142416,57
178,-102,8758,61936,450,295,29,694142926,57
184,-76,8822,61936,443,291,18,694143437,57
184,-76,8822,61936,434,288,20,694143947,57
190,-82,8802,61936,439,283,23,694144457,57
190,-82,8802,61936,442,276,23,694144968,57
206,-72,8830,61968,440,275,28,694145478,57
206,-72,8830,61936,436,273,34,694145988,57
230,-88,8798,61936,440,268,45,694146501,57
230,-88,8798,61968,453,264,54,694147011,57
204,-114,8772,61936,456,267,49,694147521,57
204,-114,8772,61936,461,279,37,694148032,57
174,-96,8848,61920,463,289,33,694148542,57
174,-96,8848,61936,460,290,39,694149052,57
234,-132,8822,61920,449,290,42,694149563,57
212,-118,8818,61920,440,289,50,694150075,57
212,-118,8818,61888,443,288,53,694150585,57
190,-116,8854,61888,443,285,47,694151096,57
190,-116,8854,61952,446,282,42,694151606,57
208,-78,8838,61920,453,281,41,694152116,57
208,-78,8838,61920,460,285,42,694152627,57
258,-64,8842,61888,454,294,37,694153137,57
258,-64,8842,61920,453,298,35,694153651,57
242,-92,8872,61936,449,291,30,694154162,57
242,-92,8872,61936,448,285,27,694154672,57
196,-94,8798,61904,448,276,35,694155182,57
196,-94,8798,61936,442,277,35,694155693,57
194,-78,8804,61936,438,287,36,694156203,57
194,-78,8804,61936,444,292,31,694156718,57
220,-44,8842,61936,448,287,27,694157228,57
220,-44,8842,61936,450,279,26,694157738,57
214,-100,8798,61968,460,273,36,694158249,57
214,-100,8798,61968,471,267,41,694158759,57
180,-104,8810,61968,478,262,47,694159273,57
180,-104,8810,61952,480,274,39,694159784,57
208,-106,8890,61920,473,288,34,694160297,57
208,-106,8890,61952,465,290,32,694160808,57
198,-90,8852,61920,451,287,27,694161318,57
198,-90,8852,61920,440,281,27,694161829,57
152,-88,8874,61952,444,284,25,694162339,57
152,-88,8874,61920,450,288,17,694162849,57
176,-68,8866,61920,457,289,13,694163360,57
176,-68,8866,61920,456,280,14,694163870,57
262,-36,8876,61952,451,271,25,694164380,57
262,-36,8876,61920,451,269,32,694164891,57
242,-18,8872,61952,450,277,41,694165401,57
242,-18,8872,61920,448,282,50,694165911,57
172,-96,8854,61936,444,280,54,694166422,57
172,-96,8854,61968,451,278,48,694166932,57
182,-136,8866,61968,456,277,41,694167444,57
182,-136,8866,61936,459,272,37,694167955,57
196,-92,8890,61936,460,265,35,694168465,57
196,-92,8890,61968,455,262,39,694168975,57
192,-70,8810,61936,459,269,37,694169486,57
192,-70,8810,61936,464,272,39,694169996,57
146,-62,8840,61936,459,269,37,694170509,57
146,-62,8840,61936,447,273,29,694171019,57
170,-36,8868,61936,451,279,22,694171529,57
170,-36,8868,61936,456,284,18,694172039,57
190,-34,8870,61952,464,290,23,694172550,57
190,-34,8870,61936,467,291,34,694173062,57
206,-72,8842,61920,480,289,39,694173572,57
206,-72,8842,61936,483,287,43,694174085,57
170,-108,8808,61920,463,291,40,694174595,57
240,-132,8852,61920,447,300,41,694175105,57
240,-132,8852,61920,434,299,44,694175615,57
208,-102,8838,61920,432,294,45,694176126,57
208,-102,8838,61952,438,279,48,694176636,57
174,-116,8804,61920,448,274,50,694177147,57
174,-116,8804,61888,461,272,49,694177661,57
228,-128,8882,61952,463,276,48,694178171,57
228,-128,8882,61936,462,286,37,694178682,57
242,-100,8898,61936,454,298,26,694179192,57
242,-100,8898,61936,444,297,11,694179702,57
210,-98,8886,61904,439,294,3,694180217,57
210,-98,8886,61904,446,290,4,694180727,57
240,-156,8850,61952,441,275,45,694407066,57
206,-54,8874,61920,436,275,46,694407576,57
206,-54,8874,61968,438,284,51,694408088,57
202,-76,8858,61936,449,289,32,694408599,57
202,-76,8858,61936,457,295,26,694409109,57
160,-128,8864,61936,467,303,25,694409619,57
160,-128,8864,61936,467,300,29,694410130,57
170,-96,8838,61936,460,285,33,694410640,57
170,-96,8838,61904,462,269,26,694411151,57
194,-134,8856,61968,465,270,33,694411661,57
194,-134,8856,61936,456,266,32,694412171,57
178,-132,8854,61936,448,253,35,694412682,57
178,-132,8854,61936,452,240,48,694413192,57
220,-132,8836,61968,455,242,54,694413702,57
220,-132,8836,61936,452,265,56,694414213,57
222,-110,8846,61920,445,302,49,694414723,57
222,-110,8846,61936,446,313,38,694415233,57
156,-98,8850,61984,447,314,20,694415744,57
158,-128,8854,61952,445,313,14,694416254,57
158,-128,8854,61952,451,305,19,694416769,57
172,-94,8880,61920,460,291,36,694417279,57
172,-94,8880,61952,459,282,48,694417789,57
224,-106,8828,61920,453,285,47,694418300,57
224,-106,8828,61952,447,293,48,694418810,57
186,-98,8802,61952,444,286,40,694419320,57
186,-98,8802,61920,448,278,33,694419831,57
172,-116,8824,61968,460,270,29,694420345,57
172,-116,8824,61936,459,267,24,694420855,57
182,-96,8820,61936,462,264,23,694421366,57
182,-96,8820,61936,461,265,32,694421876,57
194,-118,8842,61936,461,277,41,694422386,57
194,-118,8842,61936,455,292,46,694422897,57
200,-82,8834,61936,455,298,40,694423407,57
200,-82,8834,61904,450,295,46,694423917,57
130,-58,8834,61936,446,293,49,694424428,57
130,-58,8834,61904,450,290,39,694424938,57
186,-60,8830,61936,448,284,37,694425448,57
186,-60,8830,61936,448,274,36,694425959,57
254,-50,8850,61952,450,271,30,694426469,57
254,-50,8850,61952,449,272,26,694426979,57
172,-70,8832,61920,443,277,12,694427490,57
172,-70,8832,61920,447,278,2,694428002,57
206,-52,8818,61952,450,272,16,694428513,57
206,-52,8818,61952,444,275,29,694429023,57
228,-44,8842,61920,450,285,31,694429533,57
228,-44,8842,61920,461,287,35,694430044,57
218,-80,8812,61952,469,280,33,694430554,57
218,-80,8812,61952,471,281,33,694431066,57
216,-116,8844,61920,466,286,29,694431576,57
216,-116,8844,61952,460,288,26,694432088,57
218,-112,8834,61936,447,289,25,694432599,57
218,-112,8834,61936,434,292,24,694433109,57
208,-42,8828,61904,440,288,31,694433619,57
208,-42,8828,61904,446,274,37,694434130,57
258,-60,8890,61936,448,275,43,694434640,57
258,-60,8890,61904,446,286,42,694435150,57
212,-126,8834,61936,447,291,43,694435661,57
212,-126,8834,61904,456,287,47,694436171,57
208,-64,8812,61936,465,281,45,694436681,57
208,-64,8812,61904,464,272,41,694437192,57
266,-78,8868,61936,460,272,41,694437702,57
266,-78,8868,61936,461,270,46,694438212,57
244,-114,8876,61936,453,268,42,694438722,57
244,-114,8876,61936,450,270,40,694439233,57
198,-98,8806,61920,451,275,41,694439743,57
198,-98,8806,61936,449,277,36,694440253,57
238,-62,8894,61952,456,287,30,694440764,57
240,-94,8872,61920,450,298,28,694441278,57
240,-94,8872,61920,438,304,33,694441789,57
174,-102,8866,61952,442,301,38,694442299,57
174,-102,8866,61952,448,298,33,694442809,57
218,-100,8870,61952,446,292,29,694443320,57
218,-100,8870,61920,444,283,29,694443830,57
260,-126,8848,61920,445,283,25,694444344,57
260,-126,8848,61936,444,286,25,694444854,57
162,-102,8798,61904,446,290,32,694445365,57
162,-102,8798,61936,451,293,36,694445875,57
154,-104,8778,61936,456,296,34,694446386,57
154,-104,8778,61936,455,304,29,694446896,57
204,-104,8864,61936,451,299,33,694447406,57
204,-104,8864,61936,450,296,34,694447917,57
232,-92,8876,61936,445,291,30,694448427,57
232,-92,8876,61936,439,284,31,694448937,57
206,-50,8824,61936,441,276,31,694449449,57
206,-50,8824,61936,442,271,27,694449959,57
168,-86,8874,61936,436,280,27,694450469,57
168,-86,8874,61936,440,294,35,694450980,57
212,-84,8834,61952,442,304,47,694451490,57
212,-84,8834,61952,442,311,41,694452002,57
222,-62,8852,61952,447,308,36,694452513,57
222,-62,8852,61952,452,304,37,694453023,57
216,-108,8818,61920,464,297,29,694453534,57
216,-108,8818,61920,471,292,26,694454044,57
220,-98,8830,61920,469,291,21,694454554,57
220,-98,8830,61920,473,290,14,694455067,57
280,-100,8946,61920,472,290,15,694455577,57
280,-100,8946,61952,458,291,17,694456089,57
192,-96,8856,61952,445,273,28,694456599,57
192,-96,8856,61936,433,250,44,694457109,57
160,-96,8856,61936,437,245,52,694457620,57
160,-96,8856,61936,441,251,54,694458130,57
218,-100,8824,61936,447,259,49,694458640,57
218,-100,8824,61904,455,273,40,694459151,57
268,-74,8834,61904,453,292,36,694459661,57
268,-74,8834,61936,447,298,35,694460171,57
206,-86,8830,61936,451,294,42,694460682,57
206,-86,8830,61904,464,297,50,694461192,57
178,-82,8906,61904,459,300,50,694461702,57
178,-82,8906,61936,454,294,44,694462213,57
202,-62,8912,61936,450,280,43,694462724,57
202,-62,8912,61968,447,276,37,694463234,57
224,-74,8856,61952,455,277,40,694463745,57
224,-74,8856,61936,460,282,43,694464255,57
212,-128,8826,61952,453,295,54,694464766,57
212,-128,8826,61936,451,294,55,694465280,57
202,-102,8816,61920,455,283,42,694465790,57
258,-66,8826,61920,454,285,30,694466301,57
258,-66,8826,61952,448,290,26,694466811,57
252,-78,8820,61952,450,298,20,694467321,57
252,-78,8820,61920,455,301,21,694467831,57
214,-78,8870,61920,461,301,25,694468346,57
214,-78,8870,61952,458,291,25,694468856,57
234,-94,8896,61904,454,276,30,694469367,57
234,-94,8896,61936,448,268,43,694469877,57
206,-100,8870,61936,443,269,46,694470388,57
206,-100,8870,61936,443,276,55,694470898,57
196,-102,8896,61936,444,281,51,694471408,57
196,-102,8896,61936,450,288,40,694471919,57
174,-112,8862,61936,456,303,25,694472429,57
174,-112,8862,61936,455,310,27,694472940,57
162,-60,8862,61968,446,308,26,694473450,57
162,-60,8862,61936,443,301,26,694473960,57
240,-94,8868,61968,444,290,27,694474471,57
240,-94,8868,61968,449,281,33,694474981,57
238,-120,8876,61936,440,279,31,694711456,57
228,-92,8886,61952,449,281,37,694711967,57
270,-80,8882,61920,454,279,37,694712477,57
270,-80,8882,61952,461,281,41,694712988,57
216,-54,8886,61952,470,278,45,694713500,57
216,-54,8886,61920,473,280,43,694714011,57
196,-82,8892,61952,470,279,35,694714521,57
196,-82,8892,61920,465,280,23,694715032,57
186,-112,8872,61920,460,278,15,694715542,57
186,-112,8872,61904,456,266,15,694716052,57
232,-126,8850,61936,456,256,17,694716563,57
232,-126,8850,61936,454,258,21,694717075,57
236,-74,8862,61936,449,270,33,694717585,57
236,-74,8862,61936,444,285,43,694718095,57
194,-104,8848,61904,434,292,39,694718606,57
194,-104,8848,61936,425,285,28,694719116,57
240,-136,8888,61904,435,272,24,694719626,57
240,-136,8888,61936,443,265,26,694720137,57
260,-128,8852,61936,453,260,34,694720647,57
260,-128,8852,61936,462,256,44,694721158,57
256,-72,8876,61936,470,263,47,694721668,57
256,-72,8876,61936,462,278,38,694722178,57
224,-96,8840,61920,452,286,27,694722688,57
224,-96,8840,61920,440,291,19,694723199,57
204,-50,8792,61920,440,293,17,694723709,57
204,-50,8792,61920,440,289,11,694724219,57
200,-44,8812,61920,438,286,13,694724730,57
200,-44,8812,61920,444,284,22,694725240,57
198,-106,8794,61888,452,292,26,694725751,57
198,-106,8794,61920,459,288,32,694726261,57
194,-136,8814,61952,464,283,30,694726771,57
194,-136,8814,61952,458,276,33,694727282,57
260,-90,8776,61952,453,275,38,694727796,57
260,-90,8776,61952,454,272,38,694728306,57
272,-38,8774,61968,458,273,43,694728817,57
272,-38,8774,61936,453,273,50,694729327,57
204,-100,8816,61936,451,264,52,694729837,57
204,-100,8816,61936,452,257,50,694730348,57
254,-74,8868,61936,445,270,44,694730862,57
254,-74,8868,61936,443,286,45,694731373,57
256,-50,8866,61904,437,305,48,694731883,57
256,-50,8866,61936,438,319,48,694732393,57
220,-74,8826,61936,446,321,52,694732903,57
220,-74,8826,61936,448,317,51,694733418,57
202,-50,8862,61936,449,311,40,694733928,57
202,-50,8862,61936,447,296,30,694734442,57
222,-106,8800,61952,454,276,21,694734953,57
222,-106,8800,61936,451,270,17,694735463,57
222,-72,8826,61920,458,255,26,694735973,57
222,-72,8826,61936,471,254,31,694736484,57
