0,0,0,0,0,0,0,581023193,56
0,0,0,0,0,0,0,581023703,56
0,0,0,0,0,0,0,581024213,56
0,0,0,0,0,0,0,581024724,56
0,0,0,0,0,0,0,581025234,56
0,0,0,0,0,0,0,581025744,56
0,0,0,0,0,0,0,581026255,56
0,0,0,0,0,0,0,581026765,56
0,0,0,0,0,0,0,581027276,56
0,0,0,0,0,0,0,581027786,56
0,0,0,0,0,0,0,581028296,56
0,0,0,0,0,0,0,581028807,56
0,0,0,0,0,0,0,581029317,56
0,0,0,0,0,0,0,581029827,56
0,0,0,0,0,0,0,581030338,56
0,0,0,0,0,0,0,581030848,56
0,0,0,0,0,0,0,581031358,56
0,0,0,0,0,0,0,581031869,56
0,0,0,0,0,0,0,581032379,56
0,0,0,0,0,0,0,581032889,56
0,0,0,0,0,0,0,581033400,56
0,0,0,0,0,0,0,581033910,56
0,0,0,0,0,0,0,581034420,56
0,0,0,0,0,0,0,581034931,56
0,0,0,0,0,0,0,581035443,56
0,0,0,0,0,0,0,581035953,56
0,0,0,0,0,0,0,581036464,56
0,0,0,0,0,0,0,581036974,56
0,0,0,0,0,0,0,581037484,56
0,0,0,0,0,0,0,581037995,56
0,0,0,0,0,0,0,581038507,56
0,0,0,0,0,0,0,581039017,56
0,0,0,0,0,0,0,581039528,56
0,0,0,0,0,0,0,581040038,56
0,0,0,0,0,0,0,581040552,56
0,0,0,0,0,0,0,581041065,56
0,0,0,0,0,0,0,581041575,56
0,0,0,0,0,0,0,581042087,56
0,0,0,0,0,0,0,581042597,56
0,0,0,0,0,0,0,581043107,56
0,0,0,0,0,0,0,581043622,56
0,0,0,0,0,0,0,581044132,56
0,0,0,0,0,0,0,581044642,56
0,0,0,0,0,0,0,581045153,56
0,0,0,0,0,0,0,581045663,56
0,0,0,0,0,0,0,581046174,56
0,0,0,0,0,0,0,581046684,56
0,0,0,0,0,0,0,581047194,56
0,0,0,0,0,0,0,581047705,56
0,0,0,0,0,0,0,581048215,56
0,0,0,0,0,0,0,581048725,56
0,0,0,0,0,0,0,581049236,56
0,0,0,0,0,0,0,581049746,56
0,0,0,0,0,0,0,581050256,56
0,0,0,0,0,0,0,581050767,56
0,0,0,0,0,0,0,581051277,56
0,0,0,0,0,0,0,581051787,56
0,0,0,0,0,0,0,581052298,56
0,0,0,0,0,0,0,581052808,56
0,0,0,0,0,0,0,581053319,56
0,0,0,0,0,0,0,581053829,56
0,0,0,0,0,0,0,581054339,56
0,0,0,0,0,0,0,581054850,56
0,0,0,0,0,0,0,581055360,56
0,0,0,0,0,0,0,581055870,56
0,0,0,0,0,0,0,581056381,56
0,0,0,0,0,0,0,581056891,56
0,0,0,0,0,0,0,581057401,56
0,0,0,0,0,0,0,581057912,56
0,0,0,0,0,0,0,581058422,56
0,0,0,0,0,0,0,581058932,56
0,0,0,0,0,0,0,581059445,56
0,0,0,0,0,0,0,581059955,56
0,0,0,0,0,0,0,581060465,56
0,0,0,0,0,0,0,581060976,56
0,0,0,0,0,0,0,581061486,56
0,0,0,0,0,0,0,581062002,56
0,0,0,0,0,0,0,581062513,56
0,0,0,0,0,0,0,581063023,56
0,0,0,0,0,0,0,581063533,56
0,0,0,0,0,0,0,581064044,56
0,0,0,0,0,0,0,581064554,56
0,0,0,0,0,0,0,581065070,56
0,0,0,0,0,0,0,581065581,56
0,0,0,0,0,0,0,581066091,56
0,0,0,0,0,0,0,581066601,56
0,0,0,0,0,0,0,581067112,56
0,0,0,0,0,0,0,581067626,56
0,0,0,0,0,0,0,581068136,56
0,0,0,0,0,0,0,581068649,56
0,0,0,0,0,0,0,581069160,56
0,0,0,0,0,0,0,581069670,56
0,0,0,0,0,0,0,581070181,56
0,0,0,0,0,0,0,581070691,56
0,0,0,0,0,0,0,581071201,56
0,0,0,0,0,0,0,581071712,56
0,0,0,0,0,0,0,581072222,56
0,0,0,0,0,0,0,581072733,56
0,0,0,0,0,0,0,581073243,56
0,0,0,0,0,0,0,581073753,56
0,0,0,0,0,0,0,581074264,56
0,0,0,0,0,0,0,581074774,56
0,0,0,0,0,0,0,581075284,56
0,0,0,0,0,0,0,581075795,56
0,0,0,0,0,0,0,581076305,56
0,0,0,0,0,0,0,581076816,56
0,0,0,0,0,0,0,581077326,56
0,0,0,0,0,0,0,581077836,56
0,0,0,0,0,0,0,581078347,56
0,0,0,0,0,0,0,581078857,56
0,0,0,0,0,0,0,581079368,56
0,0,0,0,0,0,0,581079878,56
0,0,0,0,0,0,0,581080388,56
0,0,0,0,0,0,0,581080899,56
0,0,0,0,0,0,0,581081409,56
0,0,0,0,0,0,0,581081919,56
0,0,0,0,0,0,0,581082430,56
0,0,0,0,0,0,0,581082940,56
0,0,0,0,0,0,0,581083450,56
0,0,0,0,0,0,0,581083961,56
0,0,0,0,0,0,0,581084471,56
0,0,0,0,0,0,0,581084981,56
0,0,0,0,0,0,0,581085492,56
0,0,0,0,0,0,0,581086004,56
0,0,0,0,0,0,0,581086514,56
0,0,0,0,0,0,0,581087025,56
0,0,0,0,0,0,0,581087535,56
0,0,0,0,0,0,0,581088045,56
0,0,0,0,0,0,0,581088556,56
0,0,0,0,0,0,0,581089072,56
0,0,0,0,0,0,0,581089582,56
0,0,0,0,0,0,0,581090093,56
0,0,0,0,0,0,0,581090603,56
0,0,0,0,0,0,0,581091113,56
0,0,0,0,0,0,0,581091623,56
0,0,0,0,0,0,0,581092134,56
0,0,0,0,0,0,0,581092648,56
0,0,0,0,0,0,0,581093159,56
0,0,0,0,0,0,0,581093669,56
0,0,0,0,0,0,0,581094179,56
0,0,0,0,0,0,0,581094690,56
0,0,0,0,0,0,0,581095200,56
0,0,0,0,0,0,0,581095710,56
0,0,0,0,0,0,0,581096221,56
0,0,0,0,0,0,0,581096731,56
0,0,0,0,0,0,0,581097242,56
0,0,0,0,0,0,0,581097752,56
0,0,0,0,0,0,0,581098262,56
0,0,0,0,0,0,0,581098772,56
0,0,0,0,0,0,0,581099283,56
0,0,0,0,0,0,0,581099793,56
0,0,0,0,0,0,0,581100303,56
0,0,0,0,0,0,0,581100814,56
0,0,0,0,0,0,0,581101324,56
0,0,0,0,0,0,0,581101834,56
0,0,0,0,0,0,0,581102345,56
0,0,0,0,0,0,0,581102855,56
0,0,0,0,0,0,0,581103366,56
0,0,0,0,0,0,0,581103876,56
0,0,0,0,0,0,0,581104386,56
0,0,0,0,0,0,0,581104897,56
0,0,0,0,0,0,0,581105407,56
0,0,0,0,0,0,0,581105917,56
0,0,0,0,0,0,0,581106428,56
0,0,0,0,0,0,0,581106938,56
0,0,0,0,0,0,0,581107449,56
0,0,0,0,0,0,0,581107959,56
0,0,0,0,0,0,0,581108469,56
0,0,0,0,0,0,0,581108980,56
0,0,0,0,0,0,0,581109490,56
0,0,0,0,0,0,0,581110002,56
0,0,0,0,0,0,0,581110513,56
0,0,0,0,0,0,0,581111027,56
0,0,0,0,0,0,0,581111537,56
0,0,0,0,0,0,0,581112047,56
0,0,0,0,0,0,0,581112558,56
0,0,0,0,0,0,0,581113070,56
0,0,0,0,0,0,0,581113584,56
0,0,0,0,0,0,0,581114095,56
0,0,0,0,0,0,0,581114605,56
0,0,0,0,0,0,0,581115115,56
0,0,0,0,0,0,0,581115625,56
0,0,0,0,0,0,0,581116136,56
0,0,0,0,0,0,0,581116650,56
0,0,0,0,0,0,0,581117160,56
0,0,0,0,0,0,0,581117672,56
0,0,0,0,0,0,0,581118182,56
0,0,0,0,0,0,0,581118692,56
0,0,0,0,0,0,0,581119203,56
0,0,0,0,0,0,0,581119713,56
0,0,0,0,0,0,0,581120223,56
0,0,0,0,0,0,0,581120734,56
0,0,0,0,0,0,0,581121244,56
0,0,0,0,0,0,0,581121754,56
0,0,0,0,0,0,0,581122265,56
0,0,0,0,0,0,0,581122775,56
0,0,0,0,0,0,0,581123285,56
0,0,0,0,0,0,0,581123796,56
0,0,0,0,0,0,0,581124306,56
0,0,0,0,0,0,0,581124817,56
0,0,0,0,0,0,0,581125327,56
0,0,0,0,0,0,0,581125837,56
0,0,0,0,0,0,0,581126348,56
0,0,0,0,0,0,0,581126858,56
0,0,0,0,0,0,0,581127368,56
0,0,0,0,0,0,0,581127879,56
0,0,0,0,0,0,0,581128389,56
0,0,0,0,0,0,0,581128899,56
0,0,0,0,0,0,0,581129410,56
0,0,0,0,0,0,0,581129920,56
0,0,0,0,0,0,0,581130431,56
0,0,0,0,0,0,0,581130941,56
0,0,0,0,0,0,0,581131451,56
0,0,0,0,0,0,0,581131962,56
0,0,0,0,0,0,0,581132472,56
0,0,0,0,0,0,0,581132982,56
0,0,0,0,0,0,0,581133493,56
0,0,0,0,0,0,0,581134005,56
0,0,0,0,0,0,0,581134515,56
0,0,0,0,0,0,0,581135030,56
0,0,0,0,0,0,0,581135540,56
0,0,0,0,0,0,0,581136050,56
0,0,0,0,0,0,0,581136561,56
0,0,0,0,0,0,0,581137073,56
0,0,0,0,0,0,0,581137583,56
0,0,0,0,0,0,0,581138097,56
0,0,0,0,0,0,0,581138608,56
0,0,0,0,0,0,0,581139118,56
0,0,0,0,0,0,0,581139628,56
0,0,0,0,0,0,0,581140139,56
0,0,0,0,0,0,0,581140653,56
0,0,0,0,0,0,0,581141163,56
0,0,0,0,0,0,0,581141678,56
0,0,0,0,0,0,0,581142188,56
0,0,0,0,0,0,0,581142698,56
0,0,0,0,0,0,0,581143209,56
0,0,0,0,0,0,0,581143719,56
0,0,0,0,0,0,0,581144230,56
0,0,0,0,0,0,0,581144740,56
0,0,0,0,0,0,0,581145250,56
0,0,0,0,0,0,0,581145761,56
0,0,0,0,0,0,0,581146271,56
0,0,0,0,0,0,0,581146781,56
0,0,0,0,0,0,0,581147292,56
0,0,0,0,0,0,0,581147802,56
0,0,0,0,0,0,0,581148312,56
0,0,0,0,0,0,0,581148823,56
0,0,0,0,0,0,0,581149333,56
0,0,0,0,0,0,0,581149843,56
0,0,0,0,0,0,0,581150354,56
0,0,0,0,0,0,0,581150864,56
0,0,0,0,0,0,0,581151375,56
0,0,0,0,0,0,0,581151885,56
0,0,0,0,0,0,0,581152395,56
0,0,0,0,0,0,0,581152906,56
0,0,0,0,0,0,0,581153416,56
0,0,0,0,0,0,0,581153926,56
0,0,0,0,0,0,0,581154437,56
0,0,0,0,0,0,0,581154947,56
0,0,0,0,0,0,0,581155457,56
0,0,0,0,0,0,0,581155968,56
0,0,0,0,0,0,0,581156478,56
0,0,0,0,0,0,0,581156988,56
0,0,0,0,0,0,0,581157501,56
0,0,0,0,0,0,0,581158011,56
0,0,0,0,0,0,0,581158521,56
0,0,0,0,0,0,0,581159032,56
0,0,0,0,0,0,0,581159542,56
0,0,0,0,0,0,0,581160052,56
0,0,0,0,0,0,0,581160563,56
0,0,0,0,0,0,0,581161075,56
0,0,0,0,0,0,0,581161585,56
0,0,0,0,0,0,0,581162096,56
0,0,0,0,0,0,0,581162610,56
0,0,0,0,0,0,0,581163120,56
0,0,0,0,0,0,0,581163631,56
0,0,0,0,0,0,0,581164141,56
0,0,0,0,0,0,0,581164651,56
0,0,0,0,0,0,0,581165162,56
0,0,0,0,0,0,0,581165676,56
0,0,0,0,0,0,0,581166186,56
0,0,0,0,0,0,0,581166697,56
0,0,0,0,0,0,0,581167207,56
0,0,0,0,0,0,0,581167718,56
0,0,0,0,0,0,0,581168228,56
0,0,0,0,0,0,0,581168738,56
0,0,0,0,0,0,0,581169249,56
0,0,0,0,0,0,0,581169759,56
0,0,0,0,0,0,0,581170269,56
0,0,0,0,0,0,0,581170780,56
0,0,0,0,0,0,0,581171290,56
0,0,0,0,0,0,0,581171800,56
0,0,0,0,0,0,0,581172311,56
0,0,0,0,0,0,0,581172821,56
0,0,0,0,0,0,0,581173331,56
0,0,0,0,0,0,0,581173842,56
0,0,0,0,0,0,0,581174352,56
0,0,0,0,0,0,0,581174862,56
0,0,0,0,0,0,0,581175373,56
0,0,0,0,0,0,0,581175883,56
0,0,0,0,0,0,0,581176393,56
0,0,0,0,0,0,0,581176904,56
0,0,0,0,0,0,0,581177414,56
0,0,0,0,0,0,0,581177924,56
0,0,0,0,0,0,0,581178435,56
0,0,0,0,0,0,0,581178945,56
0,0,0,0,0,0,0,581179456,56
0,0,0,0,0,0,0,581179966,56
0,0,0,0,0,0,0,581180476,56
0,0,0,0,0,0,0,581180987,56
0,0,0,0,0,0,0,581181497,56
0,0,0,0,0,0,0,581182009,56
0,0,0,0,0,0,0,581182520,56
0,0,0,0,0,0,0,581183030,56
0,0,0,0,0,0,0,581183540,56
0,0,0,0,0,0,0,581184055,56
0,0,0,0,0,0,0,581184565,56
0,0,0,0,0,0,0,581185077,56
0,0,0,0,0,0,0,581185587,56
0,0,0,0,0,0,0,581186098,56
0,0,0,0,0,0,0,581186608,56
0,0,0,0,0,0,0,581187122,56
0,0,0,0,0,0,0,581187633,56
0,0,0,0,0,0,0,581188143,56
0,0,0,0,0,0,0,581188653,56
0,0,0,0,0,0,0,581189164,56
0,0,0,0,0,0,0,581189678,56
0,0,0,0,0,0,0,581190188,56
0,0,0,0,0,0,0,581190702,56
0,0,0,0,0,0,0,581191213,56
0,0,0,0,0,0,0,581191723,56
0,0,0,0,0,0,0,581192233,56
0,0,0,0,0,0,0,581192744,56
0,0,0,0,0,0,0,581193254,56
0,0,0,0,0,0,0,581193765,56
0,0,0,0,0,0,0,581194275,56
0,0,0,0,0,0,0,581194785,56
0,0,0,0,0,0,0,581195296,56
0,0,0,0,0,0,0,581195806,56
0,0,0,0,0,0,0,581196316,56
0,0,0,0,0,0,0,581196827,56
0,0,0,0,0,0,0,581197337,56
0,0,0,0,0,0,0,581197847,56
0,0,0,0,0,0,0,581198358,56
0,0,0,0,0,0,0,581198868,56
0,0,0,0,0,0,0,581199378,56
0,0,0,0,0,0,0,581199889,56
0,0,0,0,0,0,0,581200399,56
0,0,0,0,0,0,0,581200910,56
0,0,0,0,0,0,0,581201420,56
0,0,0,0,0,0,0,581201930,56
0,0,0,0,0,0,0,581202442,56
0,0,0,0,0,0,0,581202953,56
0,0,0,0,0,0,0,581203463,56
0,0,0,0,0,0,0,581203974,56
0,0,0,0,0,0,0,581204484,56
0,0,0,0,0,0,0,581204995,56
0,0,0,0,0,0,0,581205507,56
0,0,0,0,0,0,0,581206017,56
0,0,0,0,0,0,0,581206527,56
0,0,0,0,0,0,0,581207038,56
0,0,0,0,0,0,0,581207548,56
0,0,0,0,0,0,0,581208058,56
0,0,0,0,0,0,0,581208569,56
0,0,0,0,0,0,0,581209081,56
0,0,0,0,0,0,0,581209591,56
0,0,0,0,0,0,0,581210102,56
0,0,0,0,0,0,0,581210612,56
0,0,0,0,0,0,0,581211126,56
0,0,0,0,0,0,0,581522123,56
0,0,0,0,0,0,0,581522633,56
0,0,0,0,0,0,0,581523143,56
0,0,0,0,0,0,0,581523654,56
0,0,0,0,0,0,0,581524164,56
0,0,0,0,0,0,0,581524674,56
0,0,0,0,0,0,0,581525185,56
0,0,0,0,0,0,0,581525695,56
0,0,0,0,0,0,0,581526206,56
0,0,0,0,0,0,0,581526716,56
0,0,0,0,0,0,0,581527227,56
0,0,0,0,0,0,0,581527737,56
0,0,0,0,0,0,0,581528247,56
0,0,0,0,0,0,0,581528762,56
0,0,0,0,0,0,0,581529272,56
0,0,0,0,0,0,0,581529782,56
0,0,0,0,0,0,0,581530293,56
0,0,0,0,0,0,0,581530803,56
0,0,0,0,0,0,0,581531313,56
0,0,0,0,0,0,0,581531828,56
0,0,0,0,0,0,0,581532338,56
0,0,0,0,0,0,0,581532851,56
0,0,0,0,0,0,0,581533361,56
0,0,0,0,0,0,0,581533872,56
0,0,0,0,0,0,0,581534382,56
0,0,0,0,0,0,0,581534893,56
0,0,0,0,0,0,0,581535403,56
0,0,0,0,0,0,0,581535913,56
0,0,0,0,0,0,0,581536424,56
0,0,0,0,0,0,0,581536934,56
0,0,0,0,0,0,0,581537446,56
0,0,0,0,0,0,0,581537957,56
0,0,0,0,0,0,0,581538467,56
0,0,0,0,0,0,0,581538977,56
0,0,0,0,0,0,0,581539488,56
0,0,0,0,0,0,0,581539998,56
0,0,0,0,0,0,0,581540510,56
0,0,0,0,0,0,0,581541021,56
0,0,0,0,0,0,0,581541531,56
0,0,0,0,0,0,0,581542041,56
0,0,0,0,0,0,0,581542552,56
0,0,0,0,0,0,0,581543064,56
0,0,0,0,0,0,0,581543574,56
0,0,0,0,0,0,0,581544086,56
0,0,0,0,0,0,0,581544597,56
0,0,0,0,0,0,0,581545107,56
0,0,0,0,0,0,0,581545617,56
0,0,0,0,0,0,0,581546128,56
0,0,0,0,0,0,0,581546638,56
0,0,0,0,0,0,0,581547148,56
0,0,0,0,0,0,0,581547659,56
0,0,0,0,0,0,0,581548169,56
0,0,0,0,0,0,0,581548679,56
0,0,0,0,0,0,0,581549190,56
0,0,0,0,0,0,0,581549700,56
0,0,0,0,0,0,0,581550214,56
0,0,0,0,0,0,0,581550725,56
0,0,0,0,0,0,0,581551235,56
0,0,0,0,0,0,0,581551745,56
0,0,0,0,0,0,0,581552256,56
0,0,0,0,0,0,0,581552766,56
0,0,0,0,0,0,0,581553281,56
0,0,0,0,0,0,0,581553791,56
0,0,0,0,0,0,0,581554301,56
0,0,0,0,0,0,0,581554812,56
0,0,0,0,0,0,0,581555322,56
0,0,0,0,0,0,0,581555836,56
0,0,0,0,0,0,0,581556347,56
0,0,0,0,0,0,0,581556860,56
0,0,0,0,0,0,0,581557371,56
0,0,0,0,0,0,0,581557881,56
0,0,0,0,0,0,0,581558392,56
0,0,0,0,0,0,0,581558902,56
0,0,0,0,0,0,0,581559412,56
0,0,0,0,0,0,0,581559923,56
0,0,0,0,0,0,0,581560433,56
0,0,0,0,0,0,0,581560943,56
0,0,0,0,0,0,0,581561454,56
0,0,0,0,0,0,0,581561964,56
0,0,0,0,0,0,0,581562474,56
0,0,0,0,0,0,0,581562985,56
0,0,0,0,0,0,0,581563495,56
0,0,0,0,0,0,0,581564008,56
0,0,0,0,0,0,0,581564518,56
0,0,0,0,0,0,0,581565028,56
0,0,0,0,0,0,0,581565539,56
0,0,0,0,0,0,0,581566049,56
0,0,0,0,0,0,0,581566559,56
0,0,0,0,0,0,0,581567072,56
0,0,0,0,0,0,0,581567582,56
0,0,0,0,0,0,0,581568092,56
0,0,0,0,0,0,0,581568603,56
0,0,0,0,0,0,0,581569113,56
0,0,0,0,0,0,0,581569623,56
0,0,0,0,0,0,0,581570134,56
0,0,0,0,0,0,0,581570644,56
0,0,0,0,0,0,0,581571155,56
0,0,0,0,0,0,0,581571665,56
0,0,0,0,0,0,0,581572175,56
0,0,0,0,0,0,0,581572685,56
0,0,0,0,0,0,0,581573196,56
0,0,0,0,0,0,0,581573706,56
0,0,0,0,0,0,0,581574220,56
0,0,0,0,0,0,0,581574731,56
0,0,0,0,0,0,0,581575241,56
0,0,0,0,0,0,0,581575751,56
0,0,0,0,0,0,0,581576262,56
0,0,0,0,0,0,0,581576772,56
0,0,0,0,0,0,0,581577286,56
0,0,0,0,0,0,0,581577797,56
0,0,0,0,0,0,0,581578307,56
0,0,0,0,0,0,0,581578817,56
0,0,0,0,0,0,0,581579328,56
0,0,0,0,0,0,0,581579842,56
0,0,0,0,0,0,0,581580352,56
0,0,0,0,0,0,0,581580866,56
0,0,0,0,0,0,0,581581377,56
0,0,0,0,0,0,0,581581887,56
0,0,0,0,0,0,0,581582397,56
0,0,0,0,0,0,0,581582908,56
0,0,0,0,0,0,0,581583418,56
0,0,0,0,0,0,0,581583929,56
0,0,0,0,0,0,0,581584441,56
0,0,0,0,0,0,0,581584951,56
0,0,0,0,0,0,0,581881239,56
0,0,0,0,0,0,0,581881749,56
0,0,0,0,0,0,0,581882260,56
0,0,0,0,0,0,0,581882770,56
0,0,0,0,0,0,0,581883280,56
0,0,0,0,0,0,0,581883791,56
0,0,0,0,0,0,0,581884301,56
0,0,0,0,0,0,0,581884811,56
0,0,0,0,0,0,0,581885322,56
0,0,0,0,0,0,0,581885832,56
0,0,0,0,0,0,0,581886347,56
0,0,0,0,0,0,0,581886857,56
0,0,0,0,0,0,0,581887367,56
0,0,0,0,0,0,0,581887878,56
0,0,0,0,0,0,0,581888388,56
0,0,0,0,0,0,0,581888902,56
0,0,0,0,0,0,0,581889413,56
0,0,0,0,0,0,0,581889923,56
0,0,0,0,0,0,0,581890433,56
0,0,0,0,0,0,0,581890944,56
0,0,0,0,0,0,0,581891454,56
0,0,0,0,0,0,0,581891968,56
0,0,0,0,0,0,0,581892479,56
0,0,0,0,0,0,0,581892992,56
0,0,0,0,0,0,0,581893505,56
0,0,0,0,0,0,0,581894015,56
0,0,0,0,0,0,0,581894525,56
0,0,0,0,0,0,0,581895036,56
0,0,0,0,0,0,0,581895546,56
0,0,0,0,0,0,0,581896057,56
0,0,0,0,0,0,0,581896567,56
0,0,0,0,0,0,0,581897079,56
0,0,0,0,0,0,0,581897589,56
0,0,0,0,0,0,0,581898100,56
0,0,0,0,0,0,0,581898610,56
0,0,0,0,0,0,0,581899120,56
0,0,0,0,0,0,0,581899631,56
0,0,0,0,0,0,0,581900141,56
0,0,0,0,0,0,0,581900651,56
0,0,0,0,0,0,0,581901162,56
0,0,0,0,0,0,0,581901672,56
0,0,0,0,0,0,0,581902183,56
0,0,0,0,0,0,0,581902693,56
0,0,0,0,0,0,0,581903203,56
0,0,0,0,0,0,0,581903713,56
0,0,0,0,0,0,0,581904224,56
0,0,0,0,0,0,0,581904734,56
0,0,0,0,0,0,0,581905244,56
0,0,0,0,0,0,0,581905755,56
0,0,0,0,0,0,0,581906265,56
0,0,0,0,0,0,0,581906775,56
0,0,0,0,0,0,0,581907286,56
0,0,0,0,0,0,0,581907796,56
0,0,0,0,0,0,0,581908306,56
0,0,0,0,0,0,0,581908817,56
0,0,0,0,0,0,0,581909327,56
0,0,0,0,0,0,0,581909837,56
0,0,0,0,0,0,0,581910352,56
0,0,0,0,0,0,0,581910862,56
0,0,0,0,0,0,0,581911372,56
0,0,0,0,0,0,0,581911883,56
0,0,0,0,0,0,0,581912393,56
0,0,0,0,0,0,0,581912903,56
0,0,0,0,0,0,0,581913418,56
0,0,0,0,0,0,0,581913928,56
0,0,0,0,0,0,0,581914440,56
0,0,0,0,0,0,0,581914951,56
0,0,0,0,0,0,0,581915461,56
0,0,0,0,0,0,0,581915975,56
0,0,0,0,0,0,0,581916486,56
0,0,0,0,0,0,0,581917002,56
0,0,0,0,0,0,0,581917512,56
0,0,0,0,0,0,0,581918022,56
0,0,0,0,0,0,0,581918533,56
0,0,0,0,0,0,0,581919043,56
0,0,0,0,0,0,0,581919553,56
0,0,0,0,0,0,0,581920066,56
0,0,0,0,0,0,0,581920576,56
0,0,0,0,0,0,0,581921088,56
0,0,0,0,0,0,0,581921598,56
0,0,0,0,0,0,0,581922109,56
0,0,0,0,0,0,0,581922619,56
0,0,0,0,0,0,0,581923129,56
0,0,0,0,0,0,0,581923640,56
0,0,0,0,0,0,0,581924150,56
0,0,0,0,0,0,0,581924660,56
0,0,0,0,0,0,0,581925171,56
0,0,0,0,0,0,0,581925681,56
0,0,0,0,0,0,0,581926191,56
0,0,0,0,0,0,0,581926702,56
0,0,0,0,0,0,0,581927212,56
0,0,0,0,0,0,0,581927722,56
0,0,0,0,0,0,0,581928233,56
0,0,0,0,0,0,0,581928743,56
0,0,0,0,0,0,0,581929254,56
0,0,0,0,0,0,0,581929764,56
0,0,0,0,0,0,0,581930274,56
0,0,0,0,0,0,0,581930785,56
0,0,0,0,0,0,0,581931295,56
0,0,0,0,0,0,0,581931805,56
0,0,0,0,0,0,0,581932316,56
0,0,0,0,0,0,0,581932826,56
0,0,0,0,0,0,0,581933336,56
0,0,0,0,0,0,0,581933847,56
0,0,0,0,0,0,0,581934361,56
0,0,0,0,0,0,0,581934871,56
0,0,0,0,0,0,0,581935382,56
0,0,0,0,0,0,0,581935892,56
0,0,0,0,0,0,0,581936403,56
0,0,0,0,0,0,0,581936913,56
0,0,0,0,0,0,0,581937427,56
0,0,0,0,0,0,0,581937938,56
0,0,0,0,0,0,0,581938449,56
0,0,0,0,0,0,0,581938959,56
0,0,0,0,0,0,0,581939469,56
0,0,0,0,0,0,0,581939983,56
0,0,0,0,0,0,0,581940494,56
0,0,0,0,0,0,0,581941010,56
0,0,0,0,0,0,0,581941520,56
0,0,0,0,0,0,0,581942030,56
0,0,0,0,0,0,0,581942541,56
0,0,0,0,0,0,0,581943051,56
0,0,0,0,0,0,0,581943561,56
0,0,0,0,0,0,0,581944074,56
0,0,0,0,0,0,0,582257093,56
0,0,0,0,0,0,0,582257604,56
0,0,0,0,0,0,0,582258118,56
0,0,0,0,0,0,0,582258628,56
0,0,0,0,0,0,0,582259143,56
0,0,0,0,0,0,0,582259653,56
0,0,0,0,0,0,0,582260163,56
0,0,0,0,0,0,0,582260674,56
0,0,0,0,0,0,0,582261184,56
0,0,0,0,0,0,0,582261694,56
0,0,0,0,0,0,0,582262205,56
0,0,0,0,0,0,0,582262715,56
0,0,0,0,0,0,0,582263225,56
0,0,0,0,0,0,0,582263736,56
0,0,0,0,0,0,0,582264246,56
0,0,0,0,0,0,0,582264756,56
0,0,0,0,0,0,0,582265267,56
0,0,0,0,0,0,0,582265777,56
0,0,0,0,0,0,0,582266288,56
0,0,0,0,0,0,0,582266798,56
0,0,0,0,0,0,0,582267308,56
0,0,0,0,0,0,0,582267819,56
0,0,0,0,0,0,0,582268329,56
0,0,0,0,0,0,0,582268839,56
0,0,0,0,0,0,0,582269350,56
0,0,0,0,0,0,0,582269860,56
0,0,0,0,0,0,0,582270370,56
0,0,0,0,0,0,0,582270881,56
0,0,0,0,0,0,0,582271391,56
0,0,0,0,0,0,0,582271901,56
0,0,0,0,0,0,0,582272412,56
0,0,0,0,0,0,0,582272922,56
0,0,0,0,0,0,0,582273432,56
0,0,0,0,0,0,0,582273943,56
0,0,0,0,0,0,0,582274453,56
0,0,0,0,0,0,0,582274963,56
0,0,0,0,0,0,0,582275474,56
0,0,0,0,0,0,0,582275984,56
0,0,0,0,0,0,0,582276494,56
0,0,0,0,0,0,0,582277006,56
0,0,0,0,0,0,0,582277517,56
0,0,0,0,0,0,0,582278027,56
0,0,0,0,0,0,0,582278538,56
0,0,0,0,0,0,0,582279048,56
0,0,0,0,0,0,0,582279558,56
0,0,0,0,0,0,0,582280074,56
0,0,0,0,0,0,0,582280585,56
0,0,0,0,0,0,0,582281095,56
0,0,0,0,0,0,0,582281605,56
0,0,0,0,0,0,0,582282116,56
0,0,0,0,0,0,0,582282626,56
0,0,0,0,0,0,0,582283141,56
0,0,0,0,0,0,0,582283651,56
0,0,0,0,0,0,0,582284161,56
0,0,0,0,0,0,0,582284672,56
0,0,0,0,0,0,0,582285182,56
0,0,0,0,0,0,0,582285692,56
0,0,0,0,0,0,0,582286203,56
0,0,0,0,0,0,0,582286713,56
0,0,0,0,0,0,0,582287223,56
0,0,0,0,0,0,0,582287734,56
0,0,0,0,0,0,0,582288244,56
0,0,0,0,0,0,0,582288754,56
0,0,0,0,0,0,0,582289265,56
0,0,0,0,0,0,0,582289775,56
0,0,0,0,0,0,0,582290285,56
0,0,0,0,0,0,0,582290796,56
0,0,0,0,0,0,0,582291306,56
0,0,0,0,0,0,0,582291816,56
0,0,0,0,0,0,0,582292327,56
0,0,0,0,0,0,0,582292837,56
0,0,0,0,0,0,0,582293347,56
0,0,0,0,0,0,0,582293858,56
0,0,0,0,0,0,0,582294368,56
0,0,0,0,0,0,0,582294878,56
0,0,0,0,0,0,0,582295389,56
0,0,0,0,0,0,0,582295899,56
0,0,0,0,0,0,0,582296409,56
0,0,0,0,0,0,0,582296920,56
0,0,0,0,0,0,0,582297430,56
0,0,0,0,0,0,0,582297940,56
0,0,0,0,0,0,0,582298451,56
0,0,0,0,0,0,0,582298961,56
0,0,0,0,0,0,0,582299471,56
0,0,0,0,0,0,0,582299982,56
0,0,0,0,0,0,0,582300492,56
0,0,0,0,0,0,0,582301004,56
0,0,0,0,0,0,0,582301518,56
0,0,0,0,0,0,0,582302029,56
0,0,0,0,0,0,0,582302539,56
0,0,0,0,0,0,0,582303049,56
0,0,0,0,0,0,0,582303560,56
0,0,0,0,0,0,0,582304072,56
0,0,0,0,0,0,0,582304586,56
0,0,0,0,0,0,0,582305097,56
0,0,0,0,0,0,0,582305607,56
0,0,0,0,0,0,0,582306117,56
0,0,0,0,0,0,0,582306627,56
0,0,0,0,0,0,0,582307142,56
0,0,0,0,0,0,0,582307652,56
0,0,0,0,0,0,0,582308166,56
0,0,0,0,0,0,0,582308676,56
0,0,0,0,0,0,0,582309187,56
0,0,0,0,0,0,0,582309697,56
0,0,0,0,0,0,0,582310208,56
0,0,0,0,0,0,0,582310718,56
0,0,0,0,0,0,0,582311228,56
0,0,0,0,0,0,0,582311739,56
0,0,0,0,0,0,0,582312249,56
0,0,0,0,0,0,0,582312759,56
0,0,0,0,0,0,0,582313270,56
0,0,0,0,0,0,0,582313780,56
0,0,0,0,0,0,0,582314290,56
0,0,0,0,0,0,0,582314801,56
0,0,0,0,0,0,0,582315311,56
0,0,0,0,0,0,0,582315821,56
0,0,0,0,0,0,0,582316332,56
0,0,0,0,0,0,0,582316842,56
0,0,0,0,0,0,0,582317352,56
0,0,0,0,0,0,0,582317863,56
0,0,0,0,0,0,0,582318373,56
0,0,0,0,0,0,0,582318883,56
0,0,0,0,0,0,0,582607062,56
0,0,0,0,0,0,0,582607572,56
0,0,0,0,0,0,0,582608084,56
0,0,0,0,0,0,0,582608595,56
0,0,0,0,0,0,0,582609105,56
0,0,0,0,0,0,0,582609615,56
0,0,0,0,0,0,0,582610126,56
0,0,0,0,0,0,0,582610636,56
0,0,0,0,0,0,0,582611146,56
0,0,0,0,0,0,0,582611661,56
0,0,0,0,0,0,0,582612171,56
0,0,0,0,0,0,0,582612681,56
0,0,0,0,0,0,0,582613192,56
0,0,0,0,0,0,0,582613702,56
0,0,0,0,0,0,0,582614213,56
0,0,0,0,0,0,0,582614727,56
0,0,0,0,0,0,0,582615237,56
0,0,0,0,0,0,0,582615748,56
0,0,0,0,0,0,0,582616258,56
0,0,0,0,0,0,0,582616768,56
0,0,0,0,0,0,0,582617283,56
0,0,0,0,0,0,0,582617793,56
0,0,0,0,0,0,0,582618307,56
0,0,0,0,0,0,0,582618817,56
0,0,0,0,0,0,0,582619328,56
0,0,0,0,0,0,0,582619838,56
0,0,0,0,0,0,0,582620348,56
0,0,0,0,0,0,0,582620859,56
0,0,0,0,0,0,0,582621369,56
0,0,0,0,0,0,0,582621879,56
0,0,0,0,0,0,0,582622390,56
0,0,0,0,0,0,0,582622900,56
0,0,0,0,0,0,0,582623410,56
0,0,0,0,0,0,0,582623920,56
0,0,0,0,0,0,0,582624431,56
0,0,0,0,0,0,0,582624941,56
0,0,0,0,0,0,0,582625452,56
0,0,0,0,0,0,0,582625962,56
0,0,0,0,0,0,0,582626472,56
0,0,0,0,0,0,0,582626983,56
0,0,0,0,0,0,0,582627493,56
0,0,0,0,0,0,0,582628005,56
0,0,0,0,0,0,0,582628516,56
0,0,0,0,0,0,0,582629026,56
0,0,0,0,0,0,0,582629536,56
0,0,0,0,0,0,0,582630046,56
0,0,0,0,0,0,0,582630557,56
0,0,0,0,0,0,0,582631069,56
0,0,0,0,0,0,0,582631579,56
0,0,0,0,0,0,0,582632091,56
0,0,0,0,0,0,0,582632601,56
0,0,0,0,0,0,0,582633111,56
0,0,0,0,0,0,0,582633622,56
0,0,0,0,0,0,0,582634132,56
0,0,0,0,0,0,0,582634642,56
0,0,0,0,0,0,0,582635153,56
0,0,0,0,0,0,0,582635667,56
0,0,0,0,0,0,0,582636177,56
0,0,0,0,0,0,0,582636688,56
0,0,0,0,0,0,0,582637198,56
0,0,0,0,0,0,0,582637708,56
0,0,0,0,0,0,0,582638219,56
0,0,0,0,0,0,0,582638733,56
0,0,0,0,0,0,0,582639243,56
0,0,0,0,0,0,0,582639753,56
0,0,0,0,0,0,0,582640264,56
0,0,0,0,0,0,0,582640774,56
0,0,0,0,0,0,0,582641284,56
0,0,0,0,0,0,0,582641795,56
0,0,0,0,0,0,0,582642309,56
0,0,0,0,0,0,0,582642819,56
0,0,0,0,0,0,0,582643330,56
0,0,0,0,0,0,0,582643840,56
0,0,0,0,0,0,0,582644350,56
0,0,0,0,0,0,0,582644861,56
0,0,0,0,0,0,0,582645371,56
0,0,0,0,0,0,0,582645881,56
0,0,0,0,0,0,0,582646392,56
0,0,0,0,0,0,0,582646902,56
0,0,0,0,0,0,0,582647412,56
0,0,0,0,0,0,0,582647923,56
0,0,0,0,0,0,0,582648433,56
0,0,0,0,0,0,0,582648943,56
0,0,0,0,0,0,0,582649454,56
0,0,0,0,0,0,0,582649964,56
0,0,0,0,0,0,0,582650475,56
0,0,0,0,0,0,0,582650985,56
0,0,0,0,0,0,0,582651495,56
0,0,0,0,0,0,0,582652008,56
0,0,0,0,0,0,0,582652518,56
0,0,0,0,0,0,0,582653028,56
0,0,0,0,0,0,0,582653539,56
0,0,0,0,0,0,0,582654049,56
0,0,0,0,0,0,0,582654559,56
0,0,0,0,0,0,0,582655072,56
0,0,0,0,0,0,0,582655582,56
0,0,0,0,0,0,0,582656092,56
0,0,0,0,0,0,0,582656603,56
0,0,0,0,0,0,0,582657113,56
0,0,0,0,0,0,0,582657623,56
0,0,0,0,0,0,0,582658134,56
0,0,0,0,0,0,0,582658644,56
0,0,0,0,0,0,0,582659154,56
0,0,0,0,0,0,0,582659665,56
0,0,0,0,0,0,0,582660175,56
0,0,0,0,0,0,0,582660685,56
0,0,0,0,0,0,0,582661196,56
0,0,0,0,0,0,0,582661706,56
0,0,0,0,0,0,0,582662216,56
0,0,0,0,0,0,0,582662727,56
0,0,0,0,0,0,0,582663241,56
0,0,0,0,0,0,0,582663751,56
0,0,0,0,0,0,0,582664262,56
0,0,0,0,0,0,0,582664772,56
0,0,0,0,0,0,0,582665282,56
0,0,0,0,0,0,0,582665793,56
0,0,0,0,0,0,0,582666307,56
0,0,0,0,0,0,0,582666817,56
0,0,0,0,0,0,0,582667330,56
0,0,0,0,0,0,0,582667840,56
0,0,0,0,0,0,0,582668350,56
0,0,0,0,0,0,0,582668861,56
0,0,0,0,0,0,0,582669371,56
0,0,0,0,0,0,0,582669882,56
0,0,0,0,0,0,0,582961612,56
0,0,0,0,0,0,0,582962123,56
0,0,0,0,0,0,0,582962633,56
0,0,0,0,0,0,0,582963143,56
0,0,0,0,0,0,0,582963654,56
0,0,0,0,0,0,0,582964164,56
0,0,0,0,0,0,0,582964674,56
0,0,0,0,0,0,0,582965185,56
0,0,0,0,0,0,0,582965695,56
0,0,0,0,0,0,0,582966205,56
0,0,0,0,0,0,0,582966716,56
0,0,0,0,0,0,0,582967226,56
0,0,0,0,0,0,0,582967736,56
0,0,0,0,0,0,0,582968247,56
0,0,0,0,0,0,0,582968757,56
0,0,0,0,0,0,0,582969267,56
0,0,0,0,0,0,0,582969778,56
0,0,0,0,0,0,0,582970288,56
0,0,0,0,0,0,0,582970798,56
0,0,0,0,0,0,0,582971309,56
0,0,0,0,0,0,0,582971823,56
0,0,0,0,0,0,0,582972333,56
0,0,0,0,0,0,0,582972844,56
0,0,0,0,0,0,0,582973354,56
0,0,0,0,0,0,0,582973865,56
0,0,0,0,0,0,0,582974375,56
0,0,0,0,0,0,0,582974890,56
0,0,0,0,0,0,0,582975400,56
0,0,0,0,0,0,0,582975910,56
0,0,0,0,0,0,0,582976420,56
0,0,0,0,0,0,0,582976931,56
0,0,0,0,0,0,0,582977447,56
0,0,0,0,0,0,0,582977957,56
0,0,0,0,0,0,0,582978470,56
0,0,0,0,0,0,0,582978980,56
0,0,0,0,0,0,0,582979491,56
0,0,0,0,0,0,0,582980003,56
0,0,0,0,0,0,0,582980514,56
0,0,0,0,0,0,0,582981024,56
0,0,0,0,0,0,0,582981534,56
0,0,0,0,0,0,0,582982045,56
0,0,0,0,0,0,0,582982555,56
0,0,0,0,0,0,0,582983067,56
0,0,0,0,0,0,0,582983577,56
0,0,0,0,0,0,0,582984089,56
0,0,0,0,0,0,0,582984600,56
0,0,0,0,0,0,0,582985110,56
0,0,0,0,0,0,0,582985620,56
0,0,0,0,0,0,0,582986131,56
0,0,0,0,0,0,0,582986641,56
0,0,0,0,0,0,0,582987151,56
0,0,0,0,0,0,0,582987662,56
0,0,0,0,0,0,0,582988172,56
0,0,0,0,0,0,0,582988682,56
0,0,0,0,0,0,0,582989193,56
0,0,0,0,0,0,0,582989703,56
0,0,0,0,0,0,0,582990213,56
0,0,0,0,0,0,0,582990724,56
0,0,0,0,0,0,0,582991234,56
0,0,0,0,0,0,0,582991744,56
0,0,0,0,0,0,0,582992254,56
0,0,0,0,0,0,0,582992765,56
0,0,0,0,0,0,0,582993275,56
0,0,0,0,0,0,0,582993786,56
0,0,0,0,0,0,0,582994296,56
0,0,0,0,0,0,0,582994806,56
0,0,0,0,0,0,0,582995317,56
0,0,0,0,0,0,0,582995831,56
0,0,0,0,0,0,0,582996341,56
0,0,0,0,0,0,0,582996852,56
0,0,0,0,0,0,0,582997362,56
0,0,0,0,0,0,0,582997873,56
0,0,0,0,0,0,0,582998383,56
0,0,0,0,0,0,0,582998897,56
0,0,0,0,0,0,0,582999408,56
0,0,0,0,0,0,0,582999918,56
0,0,0,0,0,0,0,583000428,56
0,0,0,0,0,0,0,583000939,56
0,0,0,0,0,0,0,583001453,56
0,0,0,0,0,0,0,583001963,56
0,0,0,0,0,0,0,583002478,56
0,0,0,0,0,0,0,583002988,56
0,0,0,0,0,0,0,583003501,56
0,0,0,0,0,0,0,583004011,56
0,0,0,0,0,0,0,583004521,56
0,0,0,0,0,0,0,583005032,56
0,0,0,0,0,0,0,583005542,56
0,0,0,0,0,0,0,583006052,56
0,0,0,0,0,0,0,583006563,56
0,0,0,0,0,0,0,583007075,56
0,0,0,0,0,0,0,583007585,56
0,0,0,0,0,0,0,583008095,56
0,0,0,0,0,0,0,583008606,56
0,0,0,0,0,0,0,583009116,56
0,0,0,0,0,0,0,583009626,56
0,0,0,0,0,0,0,583010137,56
0,0,0,0,0,0,0,583010647,56
0,0,0,0,0,0,0,583011158,56
0,0,0,0,0,0,0,583011668,56
0,0,0,0,0,0,0,583012178,56
0,0,0,0,0,0,0,583012689,56
0,0,0,0,0,0,0,583013199,56
0,0,0,0,0,0,0,583013709,56
0,0,0,0,0,0,0,583014220,56
0,0,0,0,0,0,0,583014730,56
0,0,0,0,0,0,0,583015240,56
0,0,0,0,0,0,0,583015751,56
0,0,0,0,0,0,0,583016261,56
0,0,0,0,0,0,0,583016771,56
0,0,0,0,0,0,0,583017282,56
0,0,0,0,0,0,0,583017792,56
0,0,0,0,0,0,0,583018303,56
0,0,0,0,0,0,0,583018813,56
0,0,0,0,0,0,0,583019323,56
0,0,0,0,0,0,0,583019834,56
0,0,0,0,0,0,0,583020344,56
0,0,0,0,0,0,0,583020854,56
0,0,0,0,0,0,0,583021365,56
0,0,0,0,0,0,0,583021875,56
0,0,0,0,0,0,0,583022386,56
0,0,0,0,0,0,0,583022896,56
0,0,0,0,0,0,0,583023410,56
0,0,0,0,0,0,0,583023921,56
0,0,0,0,0,0,0,583024431,56
0,0,0,0,0,0,0,583024941,56
0,0,0,0,0,0,0,583353682,56
0,0,0,0,0,0,0,583354192,56
0,0,0,0,0,0,0,583354702,56
0,0,0,0,0,0,0,583355213,56
0,0,0,0,0,0,0,583355723,56
0,0,0,0,0,0,0,583356233,56
0,0,0,0,0,0,0,583356744,56
0,0,0,0,0,0,0,583357254,56
0,0,0,0,0,0,0,583357764,56
0,0,0,0,0,0,0,583358275,56
0,0,0,0,0,0,0,583358785,56
0,0,0,0,0,0,0,583359296,56
0,0,0,0,0,0,0,583359806,56
0,0,0,0,0,0,0,583360316,56
0,0,0,0,0,0,0,583360827,56
0,0,0,0,0,0,0,583361337,56
0,0,0,0,0,0,0,583361847,56
0,0,0,0,0,0,0,583362358,56
0,0,0,0,0,0,0,583362868,56
0,0,0,0,0,0,0,583363378,56
0,0,0,0,0,0,0,583363889,56
0,0,0,0,0,0,0,583364399,56
0,0,0,0,0,0,0,583364909,56
0,0,0,0,0,0,0,583365420,56
0,0,0,0,0,0,0,583365930,56
0,0,0,0,0,0,0,583366443,56
0,0,0,0,0,0,0,583366953,56
0,0,0,0,0,0,0,583367463,56
0,0,0,0,0,0,0,583367973,56
0,0,0,0,0,0,0,583368484,56
0,0,0,0,0,0,0,583368998,56
0,0,0,0,0,0,0,583369511,56
0,0,0,0,0,0,0,583370021,56
0,0,0,0,0,0,0,583370531,56
0,0,0,0,0,0,0,583371042,56
0,0,0,0,0,0,0,583371552,56
0,0,0,0,0,0,0,583372068,56
0,0,0,0,0,0,0,583372579,56
0,0,0,0,0,0,0,583373091,56
0,0,0,0,0,0,0,583373601,56
0,0,0,0,0,0,0,583374111,56
0,0,0,0,0,0,0,583374625,56
0,0,0,0,0,0,0,583375136,56
0,0,0,0,0,0,0,583375649,56
0,0,0,0,0,0,0,583376160,56
0,0,0,0,0,0,0,583376670,56
0,0,0,0,0,0,0,583377181,56
0,0,0,0,0,0,0,583377691,56
0,0,0,0,0,0,0,583378201,56
0,0,0,0,0,0,0,583378712,56
0,0,0,0,0,0,0,583379222,56
0,0,0,0,0,0,0,583379733,56
0,0,0,0,0,0,0,583380243,56
0,0,0,0,0,0,0,583380753,56
0,0,0,0,0,0,0,583381264,56
0,0,0,0,0,0,0,583381774,56
0,0,0,0,0,0,0,583382284,56
0,0,0,0,0,0,0,583382795,56
0,0,0,0,0,0,0,583383305,56
0,0,0,0,0,0,0,583383816,56
0,0,0,0,0,0,0,583384326,56
0,0,0,0,0,0,0,583384836,56
0,0,0,0,0,0,0,583385347,56
0,0,0,0,0,0,0,583385857,56
0,0,0,0,0,0,0,583386368,56
0,0,0,0,0,0,0,583386878,56
0,0,0,0,0,0,0,583387388,56
0,0,0,0,0,0,0,583387899,56
0,0,0,0,0,0,0,583388409,56
0,0,0,0,0,0,0,583388919,56
0,0,0,0,0,0,0,583389430,56
0,0,0,0,0,0,0,583389940,56
0,0,0,0,0,0,0,583390450,56
0,0,0,0,0,0,0,583390961,56
0,0,0,0,0,0,0,583391471,56
0,0,0,0,0,0,0,583391981,56
0,0,0,0,0,0,0,583392492,56
0,0,0,0,0,0,0,583393004,56
0,0,0,0,0,0,0,583393514,56
0,0,0,0,0,0,0,583394025,56
0,0,0,0,0,0,0,583394535,56
0,0,0,0,0,0,0,583395045,56
0,0,0,0,0,0,0,583395556,56
0,0,0,0,0,0,0,583396072,56
0,0,0,0,0,0,0,583396582,56
0,0,0,0,0,0,0,583397092,56
0,0,0,0,0,0,0,583397603,56
0,0,0,0,0,0,0,583398113,56
0,0,0,0,0,0,0,583398623,56
0,0,0,0,0,0,0,583399134,56
0,0,0,0,0,0,0,583399648,56
0,0,0,0,0,0,0,583400158,56
0,0,0,0,0,0,0,583400669,56
0,0,0,0,0,0,0,583401179,56
0,0,0,0,0,0,0,583401689,56
0,0,0,0,0,0,0,583402200,56
0,0,0,0,0,0,0,583402710,56
0,0,0,0,0,0,0,583403221,56
0,0,0,0,0,0,0,583403731,56
0,0,0,0,0,0,0,583404241,56
0,0,0,0,0,0,0,583404752,56
0,0,0,0,0,0,0,583405262,56
0,0,0,0,0,0,0,583405772,56
0,0,0,0,0,0,0,583406282,56
0,0,0,0,0,0,0,583406793,56
0,0,0,0,0,0,0,583407303,56
0,0,0,0,0,0,0,583407814,56
0,0,0,0,0,0,0,583408324,56
0,0,0,0,0,0,0,583408834,56
0,0,0,0,0,0,0,583409345,56
0,0,0,0,0,0,0,583409855,56
0,0,0,0,0,0,0,583410365,56
0,0,0,0,0,0,0,583410876,56
0,0,0,0,0,0,0,583411386,56
0,0,0,0,0,0,0,583411896,56
0,0,0,0,0,0,0,583412407,56
0,0,0,0,0,0,0,583412917,56
0,0,0,0,0,0,0,583413428,56
0,0,0,0,0,0,0,583413938,56
0,0,0,0,0,0,0,583414448,56
0,0,0,0,0,0,0,583414959,56
0,0,0,0,0,0,0,583415469,56
0,0,0,0,0,0,0,583415979,56
0,0,0,0,0,0,0,583416490,56
0,0,0,0,0,0,0,583417002,56
0,0,0,0,0,0,0,583417513,56
0,0,0,0,0,0,0,583418027,56
0,0,0,0,0,0,0,583418537,56
0,0,0,0,0,0,0,583419048,56
0,0,0,0,0,0,0,583419558,56
0,0,0,0,0,0,0,583420070,56
0,0,0,0,0,0,0,583764027,56
0,0,0,0,0,0,0,583764537,56
0,0,0,0,0,0,0,583765047,56
0,0,0,0,0,0,0,583765558,56
0,0,0,0,0,0,0,583766070,56
0,0,0,0,0,0,0,583766580,56
0,0,0,0,0,0,0,583767090,56
0,0,0,0,0,0,0,583767601,56
0,0,0,0,0,0,0,583768111,56
0,0,0,0,0,0,0,583768622,56
0,0,0,0,0,0,0,583769132,56
0,0,0,0,0,0,0,583769642,56
0,0,0,0,0,0,0,583770153,56
0,0,0,0,0,0,0,583770663,56
0,0,0,0,0,0,0,583771173,56
0,0,0,0,0,0,0,583771684,56
0,0,0,0,0,0,0,583772194,56
0,0,0,0,0,0,0,583772704,56
0,0,0,0,0,0,0,583773215,56
0,0,0,0,0,0,0,583773725,56
0,0,0,0,0,0,0,583774235,56
0,0,0,0,0,0,0,583774750,56
0,0,0,0,0,0,0,583775260,56
0,0,0,0,0,0,0,583775770,56
0,0,0,0,0,0,0,583776281,56
0,0,0,0,0,0,0,583776791,56
0,0,0,0,0,0,0,583777301,56
0,0,0,0,0,0,0,583777815,56
0,0,0,0,0,0,0,583778326,56
0,0,0,0,0,0,0,583778837,56
0,0,0,0,0,0,0,583779348,56
0,0,0,0,0,0,0,583779858,56
0,0,0,0,0,0,0,583780369,56
0,0,0,0,0,0,0,583780879,56
0,0,0,0,0,0,0,583781389,56
0,0,0,0,0,0,0,583781900,56
0,0,0,0,0,0,0,583782410,56
0,0,0,0,0,0,0,583782920,56
0,0,0,0,0,0,0,583783431,56
0,0,0,0,0,0,0,583783941,56
0,0,0,0,0,0,0,583784452,56
0,0,0,0,0,0,0,583784962,56
0,0,0,0,0,0,0,583785472,56
0,0,0,0,0,0,0,583785983,56
0,0,0,0,0,0,0,583786493,56
0,0,0,0,0,0,0,583787005,56
0,0,0,0,0,0,0,583787516,56
0,0,0,0,0,0,0,583788026,56
0,0,0,0,0,0,0,583788536,56
0,0,0,0,0,0,0,583789047,56
0,0,0,0,0,0,0,583789557,56
0,0,0,0,0,0,0,583790069,56
0,0,0,0,0,0,0,583790579,56
0,0,0,0,0,0,0,583791091,56
0,0,0,0,0,0,0,583791601,56
0,0,0,0,0,0,0,583792111,56
0,0,0,0,0,0,0,583792622,56
0,0,0,0,0,0,0,583793132,56
0,0,0,0,0,0,0,583793642,56
0,0,0,0,0,0,0,583794153,56
0,0,0,0,0,0,0,583794663,56
0,0,0,0,0,0,0,583795173,56
0,0,0,0,0,0,0,583795684,56
0,0,0,0,0,0,0,583796198,56
0,0,0,0,0,0,0,583796708,56
0,0,0,0,0,0,0,583797219,56
0,0,0,0,0,0,0,583797729,56
0,0,0,0,0,0,0,583798240,56
0,0,0,0,0,0,0,583798750,56
0,0,0,0,0,0,0,583799264,56
0,0,0,0,0,0,0,583799774,56
0,0,0,0,0,0,0,583800285,56
0,0,0,0,0,0,0,583800795,56
0,0,0,0,0,0,0,583801306,56
0,0,0,0,0,0,0,583801820,56
0,0,0,0,0,0,0,583802330,56
0,0,0,0,0,0,0,583802844,56
0,0,0,0,0,0,0,583803354,56
0,0,0,0,0,0,0,583803865,56
0,0,0,0,0,0,0,583804375,56
0,0,0,0,0,0,0,583804886,56
0,0,0,0,0,0,0,583805396,56
0,0,0,0,0,0,0,583805906,56
0,0,0,0,0,0,0,583806417,56
0,0,0,0,0,0,0,583806927,56
0,0,0,0,0,0,0,583807437,56
0,0,0,0,0,0,0,583807948,56
0,0,0,0,0,0,0,583808458,56
0,0,0,0,0,0,0,583808968,56
0,0,0,0,0,0,0,583809479,56
0,0,0,0,0,0,0,583809989,56
0,0,0,0,0,0,0,583810502,56
0,0,0,0,0,0,0,583811012,56
0,0,0,0,0,0,0,583811522,56
0,0,0,0,0,0,0,583812032,56
0,0,0,0,0,0,0,583812543,56
0,0,0,0,0,0,0,583813053,56
0,0,0,0,0,0,0,583813563,56
0,0,0,0,0,0,0,583814076,56
0,0,0,0,0,0,0,583814586,56
0,0,0,0,0,0,0,583815096,56
0,0,0,0,0,0,0,583815607,56
0,0,0,0,0,0,0,583816117,56
0,0,0,0,0,0,0,583816627,56
0,0,0,0,0,0,0,583817138,56
0,0,0,0,0,0,0,583817648,56
0,0,0,0,0,0,0,583818158,56
0,0,0,0,0,0,0,583818669,56
0,0,0,0,0,0,0,583819179,56
0,0,0,0,0,0,0,583819689,56
0,0,0,0,0,0,0,583820200,56
0,0,0,0,0,0,0,583820710,56
0,0,0,0,0,0,0,583821220,56
0,0,0,0,0,0,0,583821731,56
0,0,0,0,0,0,0,583822241,56
0,0,0,0,0,0,0,583822751,56
0,0,0,0,0,0,0,583823262,56
0,0,0,0,0,0,0,583823776,56
0,0,0,0,0,0,0,583824286,56
0,0,0,0,0,0,0,583824797,56
0,0,0,0,0,0,0,583825307,56
0,0,0,0,0,0,0,583825817,56
0,0,0,0,0,0,0,584117558,56
0,0,0,0,0,0,0,584118071,56
0,0,0,0,0,0,0,584118581,56
0,0,0,0,0,0,0,584119091,56
0,0,0,0,0,0,0,584119602,56
0,0,0,0,0,0,0,584120112,56
0,0,0,0,0,0,0,584120622,56
0,0,0,0,0,0,0,584121132,56
0,0,0,0,0,0,0,584121643,56
0,0,0,0,0,0,0,584122153,56
0,0,0,0,0,0,0,584122664,56
0,0,0,0,0,0,0,584123174,56
0,0,0,0,0,0,0,584123684,56
0,0,0,0,0,0,0,584124195,56
0,0,0,0,0,0,0,584124705,56
0,0,0,0,0,0,0,584125215,56
0,0,0,0,0,0,0,584125725,56
0,0,0,0,0,0,0,584126236,56
0,0,0,0,0,0,0,584126746,56
0,0,0,0,0,0,0,584127257,56
0,0,0,0,0,0,0,584127767,56
0,0,0,0,0,0,0,584128277,56
0,0,0,0,0,0,0,584128788,56
0,0,0,0,0,0,0,584129298,56
0,0,0,0,0,0,0,584129809,56
0,0,0,0,0,0,0,584130319,56
0,0,0,0,0,0,0,584130829,56
0,0,0,0,0,0,0,584131340,56
0,0,0,0,0,0,0,584131850,56
0,0,0,0,0,0,0,584132360,56
0,0,0,0,0,0,0,584132871,56
0,0,0,0,0,0,0,584133381,56
0,0,0,0,0,0,0,584133892,56
0,0,0,0,0,0,0,584134402,56
0,0,0,0,0,0,0,584134916,56
0,0,0,0,0,0,0,584135426,56
0,0,0,0,0,0,0,584135937,56
0,0,0,0,0,0,0,584136448,56
0,0,0,0,0,0,0,584136959,56
0,0,0,0,0,0,0,584137469,56
0,0,0,0,0,0,0,584137983,56
0,0,0,0,0,0,0,584138494,56
0,0,0,0,0,0,0,584139006,56
0,0,0,0,0,0,0,584139516,56
0,0,0,0,0,0,0,584140027,56
0,0,0,0,0,0,0,584140537,56
0,0,0,0,0,0,0,584141047,56
0,0,0,0,0,0,0,584141558,56
0,0,0,0,0,0,0,584142070,56
0,0,0,0,0,0,0,584142580,56
0,0,0,0,0,0,0,584143091,56
0,0,0,0,0,0,0,584143601,56
0,0,0,0,0,0,0,584144111,56
0,0,0,0,0,0,0,584144622,56
0,0,0,0,0,0,0,584145132,56
0,0,0,0,0,0,0,584145642,56
0,0,0,0,0,0,0,584146153,56
0,0,0,0,0,0,0,584146663,56
0,0,0,0,0,0,0,584147174,56
0,0,0,0,0,0,0,584147684,56
0,0,0,0,0,0,0,584148194,56
0,0,0,0,0,0,0,584148705,56
0,0,0,0,0,0,0,584149215,56
0,0,0,0,0,0,0,584149725,56
0,0,0,0,0,0,0,584150236,56
0,0,0,0,0,0,0,584150746,56
0,0,0,0,0,0,0,584151256,56
0,0,0,0,0,0,0,584151767,56
0,0,0,0,0,0,0,584152277,56
0,0,0,0,0,0,0,584152787,56
0,0,0,0,0,0,0,584153298,56
0,0,0,0,0,0,0,584153808,56
0,0,0,0,0,0,0,584154318,56
0,0,0,0,0,0,0,584154829,56
0,0,0,0,0,0,0,584155339,56
0,0,0,0,0,0,0,584155849,56
0,0,0,0,0,0,0,584156364,56
0,0,0,0,0,0,0,584156874,56
0,0,0,0,0,0,0,584157384,56
0,0,0,0,0,0,0,584157895,56
0,0,0,0,0,0,0,584158405,56
0,0,0,0,0,0,0,584158916,56
0,0,0,0,0,0,0,584159430,56
0,0,0,0,0,0,0,584159940,56
0,0,0,0,0,0,0,584160451,56
0,0,0,0,0,0,0,584160961,56
0,0,0,0,0,0,0,584161471,56
0,0,0,0,0,0,0,584161986,56
0,0,0,0,0,0,0,584162496,56
0,0,0,0,0,0,0,584163011,56
0,0,0,0,0,0,0,584163521,56
0,0,0,0,0,0,0,584164032,56
0,0,0,0,0,0,0,584164542,56
0,0,0,0,0,0,0,584165052,56
0,0,0,0,0,0,0,584165563,56
0,0,0,0,0,0,0,584166075,56
0,0,0,0,0,0,0,584166585,56
0,0,0,0,0,0,0,584167096,56
0,0,0,0,0,0,0,584167606,56
0,0,0,0,0,0,0,584168116,56
0,0,0,0,0,0,0,584168627,56
0,0,0,0,0,0,0,584169137,56
0,0,0,0,0,0,0,584169647,56
0,0,0,0,0,0,0,584170158,56
0,0,0,0,0,0,0,584170668,56
0,0,0,0,0,0,0,584171178,56
0,0,0,0,0,0,0,584171689,56
0,0,0,0,0,0,0,584172199,56
0,0,0,0,0,0,0,584172709,56
0,0,0,0,0,0,0,584173220,56
0,0,0,0,0,0,0,584173730,56
0,0,0,0,0,0,0,584174240,56
0,0,0,0,0,0,0,584174751,56
0,0,0,0,0,0,0,584175261,56
0,0,0,0,0,0,0,584175771,56
0,0,0,0,0,0,0,584176282,56
0,0,0,0,0,0,0,584176792,56
0,0,0,0,0,0,0,584177303,56
0,0,0,0,0,0,0,584177813,56
0,0,0,0,0,0,0,584178323,56
0,0,0,0,0,0,0,584178834,56
0,0,0,0,0,0,0,584179344,56
0,0,0,0,0,0,0,584179854,56
0,0,0,0,0,0,0,584180365,56
0,0,0,0,0,0,0,584180875,56
0,0,0,0,0,0,0,584181385,56
0,0,0,0,0,0,0,584181896,56
0,0,0,0,0,0,0,584182406,56
0,0,0,0,0,0,0,584182916,56
0,0,0,0,0,0,0,584183431,56
0,0,0,0,0,0,0,584459437,56
0,0,0,0,0,0,0,584459947,56
0,0,0,0,0,0,0,584460457,56
0,0,0,0,0,0,0,584460968,56
0,0,0,0,0,0,0,584461478,56
0,0,0,0,0,0,0,584461988,56
0,0,0,0,0,0,0,584462501,56
0,0,0,0,0,0,0,584463011,56
0,0,0,0,0,0,0,584463521,56
0,0,0,0,0,0,0,584464032,56
0,0,0,0,0,0,0,584464542,56
0,0,0,0,0,0,0,584465052,56
0,0,0,0,0,0,0,584465567,56
0,0,0,0,0,0,0,584466079,56
0,0,0,0,0,0,0,584466589,56
0,0,0,0,0,0,0,584467100,56
0,0,0,0,0,0,0,584467610,56
0,0,0,0,0,0,0,584468120,56
0,0,0,0,0,0,0,584468631,56
0,0,0,0,0,0,0,584469145,56
0,0,0,0,0,0,0,584469655,56
0,0,0,0,0,0,0,584470166,56
0,0,0,0,0,0,0,584470676,56
0,0,0,0,0,0,0,584471186,56
0,0,0,0,0,0,0,584471697,56
0,0,0,0,0,0,0,584472207,56
0,0,0,0,0,0,0,584472717,56
0,0,0,0,0,0,0,584473228,56
0,0,0,0,0,0,0,584473738,56
0,0,0,0,0,0,0,584474249,56
0,0,0,0,0,0,0,584474759,56
0,0,0,0,0,0,0,584475269,56
0,0,0,0,0,0,0,584475780,56
0,0,0,0,0,0,0,584476290,56
0,0,0,0,0,0,0,584476800,56
0,0,0,0,0,0,0,584477311,56
0,0,0,0,0,0,0,584477821,56
0,0,0,0,0,0,0,584478331,56
0,0,0,0,0,0,0,584478842,56
0,0,0,0,0,0,0,584479352,56
0,0,0,0,0,0,0,584479862,56
0,0,0,0,0,0,0,584480373,56
0,0,0,0,0,0,0,584480883,56
0,0,0,0,0,0,0,584481393,56
0,0,0,0,0,0,0,584481904,56
0,0,0,0,0,0,0,584482414,56
0,0,0,0,0,0,0,584482924,56
0,0,0,0,0,0,0,584483435,56
0,0,0,0,0,0,0,584483945,56
0,0,0,0,0,0,0,584484455,56
0,0,0,0,0,0,0,584484966,56
0,0,0,0,0,0,0,584485476,56
0,0,0,0,0,0,0,584485986,56
0,0,0,0,0,0,0,584486497,56
0,0,0,0,0,0,0,584487009,56
0,0,0,0,0,0,0,584487523,56
0,0,0,0,0,0,0,584488034,56
0,0,0,0,0,0,0,584488544,56
0,0,0,0,0,0,0,584489054,56
0,0,0,0,0,0,0,584489565,56
0,0,0,0,0,0,0,584490081,56
0,0,0,0,0,0,0,584490591,56
0,0,0,0,0,0,0,584491102,56
0,0,0,0,0,0,0,584491612,56
0,0,0,0,0,0,0,584492122,56
0,0,0,0,0,0,0,584492633,56
0,0,0,0,0,0,0,584493147,56
0,0,0,0,0,0,0,584493657,56
0,0,0,0,0,0,0,584494171,56
0,0,0,0,0,0,0,584494681,56
0,0,0,0,0,0,0,584495191,56
0,0,0,0,0,0,0,584495702,56
0,0,0,0,0,0,0,584496212,56
0,0,0,0,0,0,0,584496723,56
0,0,0,0,0,0,0,584497233,56
0,0,0,0,0,0,0,584497743,56
0,0,0,0,0,0,0,584498254,56
0,0,0,0,0,0,0,584498764,56
0,0,0,0,0,0,0,584499274,56
0,0,0,0,0,0,0,584499785,56
0,0,0,0,0,0,0,584500295,56
0,0,0,0,0,0,0,584500806,56
0,0,0,0,0,0,0,584501316,56
0,0,0,0,0,0,0,584501826,56
0,0,0,0,0,0,0,584502337,56
0,0,0,0,0,0,0,584502847,56
0,0,0,0,0,0,0,584503357,56
0,0,0,0,0,0,0,584503868,56
0,0,0,0,0,0,0,584504378,56
0,0,0,0,0,0,0,584504888,56
0,0,0,0,0,0,0,584505399,56
0,0,0,0,0,0,0,584505909,56
0,0,0,0,0,0,0,584506419,56
0,0,0,0,0,0,0,584506930,56
0,0,0,0,0,0,0,584507442,56
0,0,0,0,0,0,0,584507952,56
0,0,0,0,0,0,0,584508463,56
0,0,0,0,0,0,0,584508973,56
0,0,0,0,0,0,0,584509483,56
0,0,0,0,0,0,0,584509994,56
0,0,0,0,0,0,0,584510506,56
0,0,0,0,0,0,0,584511016,56
0,0,0,0,0,0,0,584511531,56
0,0,0,0,0,0,0,584512041,56
0,0,0,0,0,0,0,584512551,56
0,0,0,0,0,0,0,584513063,56
0,0,0,0,0,0,0,584513574,56
0,0,0,0,0,0,0,584514086,56
0,0,0,0,0,0,0,584514600,56
0,0,0,0,0,0,0,584515110,56
0,0,0,0,0,0,0,584515621,56
0,0,0,0,0,0,0,584516131,56
0,0,0,0,0,0,0,584516641,56
0,0,0,0,0,0,0,584517156,56
0,0,0,0,0,0,0,584517666,56
0,0,0,0,0,0,0,584518180,56
0,0,0,0,0,0,0,584518690,56
0,0,0,0,0,0,0,584519201,56
0,0,0,0,0,0,0,584519711,56
0,0,0,0,0,0,0,584520222,56
0,0,0,0,0,0,0,584520732,56
0,0,0,0,0,0,0,584521242,56
0,0,0,0,0,0,0,584521753,56
0,0,0,0,0,0,0,584522263,56
0,0,0,0,0,0,0,584522773,56
0,0,0,0,0,0,0,584523284,56
0,0,0,0,0,0,0,584523794,56
0,0,0,0,0,0,0,584524304,56
0,0,0,0,0,0,0,584524815,56
0,0,0,0,0,0,0,584778525,56
0,0,0,0,0,0,0,584779035,56
0,0,0,0,0,0,0,584779546,56
0,0,0,0,0,0,0,584780056,56
0,0,0,0,0,0,0,584780566,56
0,0,0,0,0,0,0,584781078,56
0,0,0,0,0,0,0,584781589,56
0,0,0,0,0,0,0,584782099,56
0,0,0,0,0,0,0,584782610,56
0,0,0,0,0,0,0,584783120,56
0,0,0,0,0,0,0,584783630,56
0,0,0,0,0,0,0,584784141,56
0,0,0,0,0,0,0,584784651,56
0,0,0,0,0,0,0,584785161,56
0,0,0,0,0,0,0,584785672,56
0,0,0,0,0,0,0,584786182,56
0,0,0,0,0,0,0,584786692,56
0,0,0,0,0,0,0,584787203,56
0,0,0,0,0,0,0,584787717,56
0,0,0,0,0,0,0,584788229,56
0,0,0,0,0,0,0,584788739,56
0,0,0,0,0,0,0,584789250,56
0,0,0,0,0,0,0,584789760,56
0,0,0,0,0,0,0,584790270,56
0,0,0,0,0,0,0,584790781,56
0,0,0,0,0,0,0,584791295,56
0,0,0,0,0,0,0,584791805,56
0,0,0,0,0,0,0,584792316,56
0,0,0,0,0,0,0,584792826,56
0,0,0,0,0,0,0,584793337,56
0,0,0,0,0,0,0,584793847,56
0,0,0,0,0,0,0,584794357,56
0,0,0,0,0,0,0,584794868,56
0,0,0,0,0,0,0,584795378,56
0,0,0,0,0,0,0,584795888,56
0,0,0,0,0,0,0,584796399,56
0,0,0,0,0,0,0,584796909,56
0,0,0,0,0,0,0,584797420,56
0,0,0,0,0,0,0,584797930,56
0,0,0,0,0,0,0,584798442,56
0,0,0,0,0,0,0,584798953,56
0,0,0,0,0,0,0,584799463,56
0,0,0,0,0,0,0,584799973,56
0,0,0,0,0,0,0,584800484,56
0,0,0,0,0,0,0,584800994,56
0,0,0,0,0,0,0,584801506,56
0,0,0,0,0,0,0,584802017,56
0,0,0,0,0,0,0,584802527,56
0,0,0,0,0,0,0,584803037,56
0,0,0,0,0,0,0,584803548,56
0,0,0,0,0,0,0,584804058,56
0,0,0,0,0,0,0,584804568,56
0,0,0,0,0,0,0,584805080,56
0,0,0,0,0,0,0,584805591,56
0,0,0,0,0,0,0,584806101,56
0,0,0,0,0,0,0,584806611,56
0,0,0,0,0,0,0,584807122,56
0,0,0,0,0,0,0,584807632,56
0,0,0,0,0,0,0,584808143,56
0,0,0,0,0,0,0,584808653,56
0,0,0,0,0,0,0,584809163,56
0,0,0,0,0,0,0,584809677,56
0,0,0,0,0,0,0,584810188,56
0,0,0,0,0,0,0,584810698,56
0,0,0,0,0,0,0,584811208,56
0,0,0,0,0,0,0,584811719,56
0,0,0,0,0,0,0,584812233,56
0,0,0,0,0,0,0,584812743,56
0,0,0,0,0,0,0,584813253,56
0,0,0,0,0,0,0,584813764,56
0,0,0,0,0,0,0,584814274,56
0,0,0,0,0,0,0,584814784,56
0,0,0,0,0,0,0,584815299,56
0,0,0,0,0,0,0,584815809,56
0,0,0,0,0,0,0,584816322,56
0,0,0,0,0,0,0,584816833,56
0,0,0,0,0,0,0,584817343,56
0,0,0,0,0,0,0,584817853,56
0,0,0,0,0,0,0,584818364,56
0,0,0,0,0,0,0,584818874,56
0,0,0,0,0,0,0,584819384,56
0,0,0,0,0,0,0,584819895,56
0,0,0,0,0,0,0,584820405,56
0,0,0,0,0,0,0,584820915,56
0,0,0,0,0,0,0,584821426,56
0,0,0,0,0,0,0,584821936,56
0,0,0,0,0,0,0,584822448,56
0,0,0,0,0,0,0,584822959,56
0,0,0,0,0,0,0,584823469,56
0,0,0,0,0,0,0,584823979,56
0,0,0,0,0,0,0,584824490,56
0,0,0,0,0,0,0,584825002,56
0,0,0,0,0,0,0,584825513,56
0,0,0,0,0,0,0,584826023,56
0,0,0,0,0,0,0,584826533,56
0,0,0,0,0,0,0,584827044,56
0,0,0,0,0,0,0,584827554,56
0,0,0,0,0,0,0,584828066,56
0,0,0,0,0,0,0,584828576,56
0,0,0,0,0,0,0,584829088,56
0,0,0,0,0,0,0,584829599,56
0,0,0,0,0,0,0,584830109,56
0,0,0,0,0,0,0,584830619,56
0,0,0,0,0,0,0,584831130,56
0,0,0,0,0,0,0,584831640,56
0,0,0,0,0,0,0,584832151,56
0,0,0,0,0,0,0,584832661,56
0,0,0,0,0,0,0,584833171,56
0,0,0,0,0,0,0,584833685,56
0,0,0,0,0,0,0,584834196,56
0,0,0,0,0,0,0,584834706,56
0,0,0,0,0,0,0,584835216,56
0,0,0,0,0,0,0,584835727,56
0,0,0,0,0,0,0,584836237,56
0,0,0,0,0,0,0,584836752,56
0,0,0,0,0,0,0,584837262,56
0,0,0,0,0,0,0,584837772,56
0,0,0,0,0,0,0,584838282,56
0,0,0,0,0,0,0,584838793,56
0,0,0,0,0,0,0,584839307,56
0,0,0,0,0,0,0,584839817,56
0,0,0,0,0,0,0,584840331,56
0,0,0,0,0,0,0,584840842,56
0,0,0,0,0,0,0,584841352,56
0,0,0,0,0,0,0,584841862,56
0,0,0,0,0,0,0,584842373,56
0,0,0,0,0,0,0,584842883,56
0,0,0,0,0,0,0,584843393,56
0,0,0,0,0,0,0,584843904,56
0,0,0,0,0,0,0,585100149,56
0,0,0,0,0,0,0,585100659,56
0,0,0,0,0,0,0,585101170,56
0,0,0,0,0,0,0,585101680,56
0,0,0,0,0,0,0,585102190,56
0,0,0,0,0,0,0,585102701,56
0,0,0,0,0,0,0,585103211,56
0,0,0,0,0,0,0,585103721,56
0,0,0,0,0,0,0,585104232,56
0,0,0,0,0,0,0,585104742,56
0,0,0,0,0,0,0,585105253,56
0,0,0,0,0,0,0,585105763,56
0,0,0,0,0,0,0,585106273,56
0,0,0,0,0,0,0,585106784,56
0,0,0,0,0,0,0,585107294,56
0,0,0,0,0,0,0,585107804,56
0,0,0,0,0,0,0,585108315,56
0,0,0,0,0,0,0,585108825,56
0,0,0,0,0,0,0,585109335,56
0,0,0,0,0,0,0,585109846,56
0,0,0,0,0,0,0,585110360,56
0,0,0,0,0,0,0,585110871,56
0,0,0,0,0,0,0,585111381,56
0,0,0,0,0,0,0,585111891,56
0,0,0,0,0,0,0,585112401,56
0,0,0,0,0,0,0,585112912,56
0,0,0,0,0,0,0,585113426,56
0,0,0,0,0,0,0,585113936,56
0,0,0,0,0,0,0,585114449,56
0,0,0,0,0,0,0,585114960,56
0,0,0,0,0,0,0,585115470,56
0,0,0,0,0,0,0,585115981,56
0,0,0,0,0,0,0,585116491,56
0,0,0,0,0,0,0,585117003,56
0,0,0,0,0,0,0,585117514,56
0,0,0,0,0,0,0,585118024,56
0,0,0,0,0,0,0,585118534,56
0,0,0,0,0,0,0,585119045,56
0,0,0,0,0,0,0,585119555,56
0,0,0,0,0,0,0,585120067,56
0,0,0,0,0,0,0,585120577,56
0,0,0,0,0,0,0,585121089,56
0,0,0,0,0,0,0,585121600,56
0,0,0,0,0,0,0,585122110,56
0,0,0,0,0,0,0,585122620,56
0,0,0,0,0,0,0,585123131,56
0,0,0,0,0,0,0,585123641,56
0,0,0,0,0,0,0,585124151,56
0,0,0,0,0,0,0,585124662,56
0,0,0,0,0,0,0,585125172,56
0,0,0,0,0,0,0,585125682,56
0,0,0,0,0,0,0,585126193,56
0,0,0,0,0,0,0,585126703,56
0,0,0,0,0,0,0,585127214,56
0,0,0,0,0,0,0,585127724,56
0,0,0,0,0,0,0,585128234,56
0,0,0,0,0,0,0,585128745,56
0,0,0,0,0,0,0,585129255,56
0,0,0,0,0,0,0,585129765,56
0,0,0,0,0,0,0,585130276,56
0,0,0,0,0,0,0,585130786,56
0,0,0,0,0,0,0,585131296,56
0,0,0,0,0,0,0,585131811,56
0,0,0,0,0,0,0,585132321,56
0,0,0,0,0,0,0,585132832,56
0,0,0,0,0,0,0,585133342,56
0,0,0,0,0,0,0,585133852,56
0,0,0,0,0,0,0,585134363,56
0,0,0,0,0,0,0,585134877,56
0,0,0,0,0,0,0,585135387,56
0,0,0,0,0,0,0,585135898,56
0,0,0,0,0,0,0,585136408,56
0,0,0,0,0,0,0,585136918,56
0,0,0,0,0,0,0,585137432,56
0,0,0,0,0,0,0,585137943,56
0,0,0,0,0,0,0,585138457,56
0,0,0,0,0,0,0,585138967,56
0,0,0,0,0,0,0,585139478,56
0,0,0,0,0,0,0,585139988,56
0,0,0,0,0,0,0,585140501,56
0,0,0,0,0,0,0,585141011,56
0,0,0,0,0,0,0,585141521,56
0,0,0,0,0,0,0,585142032,56
0,0,0,0,0,0,0,585142542,56
0,0,0,0,0,0,0,585143052,56
0,0,0,0,0,0,0,585143563,56
0,0,0,0,0,0,0,585144075,56
0,0,0,0,0,0,0,585144585,56
0,0,0,0,0,0,0,585145096,56
0,0,0,0,0,0,0,585145606,56
0,0,0,0,0,0,0,585146116,56
0,0,0,0,0,0,0,585146627,56
0,0,0,0,0,0,0,585147137,56
0,0,0,0,0,0,0,585147647,56
0,0,0,0,0,0,0,585148158,56
0,0,0,0,0,0,0,585148668,56
0,0,0,0,0,0,0,585149178,56
0,0,0,0,0,0,0,585149689,56
0,0,0,0,0,0,0,585150199,56
0,0,0,0,0,0,0,585150709,56
0,0,0,0,0,0,0,585151220,56
0,0,0,0,0,0,0,585151730,56
0,0,0,0,0,0,0,585152240,56
0,0,0,0,0,0,0,585152751,56
0,0,0,0,0,0,0,585153261,56
0,0,0,0,0,0,0,585153771,56
0,0,0,0,0,0,0,585154282,56
0,0,0,0,0,0,0,585154792,56
0,0,0,0,0,0,0,585155303,56
0,0,0,0,0,0,0,585155813,56
0,0,0,0,0,0,0,585156323,56
0,0,0,0,0,0,0,585156834,56
0,0,0,0,0,0,0,585157344,56
0,0,0,0,0,0,0,585157854,56
0,0,0,0,0,0,0,585158365,56
0,0,0,0,0,0,0,585158879,56
0,0,0,0,0,0,0,585159390,56
0,0,0,0,0,0,0,585159901,56
0,0,0,0,0,0,0,585160411,56
0,0,0,0,0,0,0,585160921,56
0,0,0,0,0,0,0,585161432,56
0,0,0,0,0,0,0,585161942,56
0,0,0,0,0,0,0,585162456,56
0,0,0,0,0,0,0,585162967,56
0,0,0,0,0,0,0,585163477,56
0,0,0,0,0,0,0,585163987,56
0,0,0,0,0,0,0,585164500,56
0,0,0,0,0,0,0,585165011,56
0,0,0,0,0,0,0,585165521,56
0,0,0,0,0,0,0,585440519,56
0,0,0,0,0,0,0,585441029,56
0,0,0,0,0,0,0,585441539,56
0,0,0,0,0,0,0,585442050,56
0,0,0,0,0,0,0,585442560,56
0,0,0,0,0,0,0,585443072,56
0,0,0,0,0,0,0,585443587,56
0,0,0,0,0,0,0,585444097,56
0,0,0,0,0,0,0,585444607,56
0,0,0,0,0,0,0,585445118,56
0,0,0,0,0,0,0,585445628,56
0,0,0,0,0,0,0,585446138,56
0,0,0,0,0,0,0,585446649,56
0,0,0,0,0,0,0,585447159,56
0,0,0,0,0,0,0,585447670,56
0,0,0,0,0,0,0,585448180,56
0,0,0,0,0,0,0,585448690,56
0,0,0,0,0,0,0,585449200,56
0,0,0,0,0,0,0,585449711,56
0,0,0,0,0,0,0,585450221,56
0,0,0,0,0,0,0,585450732,56
0,0,0,0,0,0,0,585451242,56
0,0,0,0,0,0,0,585451752,56
0,0,0,0,0,0,0,585452262,56
0,0,0,0,0,0,0,585452773,56
0,0,0,0,0,0,0,585453283,56
0,0,0,0,0,0,0,585453793,56
0,0,0,0,0,0,0,585454304,56
0,0,0,0,0,0,0,585454814,56
0,0,0,0,0,0,0,585455325,56
0,0,0,0,0,0,0,585455835,56
0,0,0,0,0,0,0,585456345,56
0,0,0,0,0,0,0,585456856,56
0,0,0,0,0,0,0,585457366,56
0,0,0,0,0,0,0,585457876,56
0,0,0,0,0,0,0,585458387,56
0,0,0,0,0,0,0,585458897,56
0,0,0,0,0,0,0,585459407,56
0,0,0,0,0,0,0,585459918,56
0,0,0,0,0,0,0,585460428,56
0,0,0,0,0,0,0,585460938,56
0,0,0,0,0,0,0,585461449,56
0,0,0,0,0,0,0,585461963,56
0,0,0,0,0,0,0,585462474,56
0,0,0,0,0,0,0,585462984,56
0,0,0,0,0,0,0,585463495,56
0,0,0,0,0,0,0,585464007,56
0,0,0,0,0,0,0,585464521,56
0,0,0,0,0,0,0,585465032,56
0,0,0,0,0,0,0,585465542,56
0,0,0,0,0,0,0,585466052,56
0,0,0,0,0,0,0,585466562,56
0,0,0,0,0,0,0,585467075,56
0,0,0,0,0,0,0,585467589,56
0,0,0,0,0,0,0,585468099,56
0,0,0,0,0,0,0,585468610,56
0,0,0,0,0,0,0,585469120,56
0,0,0,0,0,0,0,585469631,56
0,0,0,0,0,0,0,585470141,56
0,0,0,0,0,0,0,585470651,56
0,0,0,0,0,0,0,585471162,56
0,0,0,0,0,0,0,585471672,56
0,0,0,0,0,0,0,585472183,56
0,0,0,0,0,0,0,585472693,56
0,0,0,0,0,0,0,585473203,56
0,0,0,0,0,0,0,585473713,56
0,0,0,0,0,0,0,585474224,56
0,0,0,0,0,0,0,585474734,56
0,0,0,0,0,0,0,585475244,56
0,0,0,0,0,0,0,585475755,56
0,0,0,0,0,0,0,585476265,56
0,0,0,0,0,0,0,585476776,56
0,0,0,0,0,0,0,585477286,56
0,0,0,0,0,0,0,585477796,56
0,0,0,0,0,0,0,585478307,56
0,0,0,0,0,0,0,585478817,56
0,0,0,0,0,0,0,585479328,56
0,0,0,0,0,0,0,585479838,56
0,0,0,0,0,0,0,585480348,56
0,0,0,0,0,0,0,585480859,56
0,0,0,0,0,0,0,585481369,56
0,0,0,0,0,0,0,585481879,56
0,0,0,0,0,0,0,585482390,56
0,0,0,0,0,0,0,585482900,56
0,0,0,0,0,0,0,585483411,56
0,0,0,0,0,0,0,585483921,56
0,0,0,0,0,0,0,585484431,56
0,0,0,0,0,0,0,585484941,56
0,0,0,0,0,0,0,585485452,56
0,0,0,0,0,0,0,585485962,56
0,0,0,0,0,0,0,585486473,56
0,0,0,0,0,0,0,585486983,56
0,0,0,0,0,0,0,585487493,56
0,0,0,0,0,0,0,585488006,56
0,0,0,0,0,0,0,585488516,56
0,0,0,0,0,0,0,585489030,56
0,0,0,0,0,0,0,585489541,56
0,0,0,0,0,0,0,585490051,56
0,0,0,0,0,0,0,585490561,56
0,0,0,0,0,0,0,585491073,56
0,0,0,0,0,0,0,585491584,56
0,0,0,0,0,0,0,585492094,56
0,0,0,0,0,0,0,585492608,56
0,0,0,0,0,0,0,585493119,56
0,0,0,0,0,0,0,585493629,56
0,0,0,0,0,0,0,585494140,56
0,0,0,0,0,0,0,585494650,56
0,0,0,0,0,0,0,585495160,56
0,0,0,0,0,0,0,585495671,56
0,0,0,0,0,0,0,585496181,56
0,0,0,0,0,0,0,585496691,56
0,0,0,0,0,0,0,585497202,56
0,0,0,0,0,0,0,585497712,56
0,0,0,0,0,0,0,585498223,56
0,0,0,0,0,0,0,585498733,56
0,0,0,0,0,0,0,585499243,56
0,0,0,0,0,0,0,585499754,56
0,0,0,0,0,0,0,585500264,56
0,0,0,0,0,0,0,585500774,56
0,0,0,0,0,0,0,585501285,56
0,0,0,0,0,0,0,585501795,56
0,0,0,0,0,0,0,585502306,56
0,0,0,0,0,0,0,585502816,56
0,0,0,0,0,0,0,585503326,56
0,0,0,0,0,0,0,585503837,56
0,0,0,0,0,0,0,585504347,56
0,0,0,0,0,0,0,585504858,56
0,0,0,0,0,0,0,585505368,56
0,0,0,0,0,0,0,585505878,56
0,0,0,0,0,0,0,585832573,56
0,0,0,0,0,0,0,585833085,56
0,0,0,0,0,0,0,585833595,56
0,0,0,0,0,0,0,585834106,56
0,0,0,0,0,0,0,585834616,56
0,0,0,0,0,0,0,585835126,56
0,0,0,0,0,0,0,585835637,56
0,0,0,0,0,0,0,585836151,56
0,0,0,0,0,0,0,585836661,56
0,0,0,0,0,0,0,585837172,56
0,0,0,0,0,0,0,585837682,56
0,0,0,0,0,0,0,585838192,56
0,0,0,0,0,0,0,585838707,56
0,0,0,0,0,0,0,585839217,56
0,0,0,0,0,0,0,585839727,56
0,0,0,0,0,0,0,585840238,56
0,0,0,0,0,0,0,585840748,56
0,0,0,0,0,0,0,585841258,56
0,0,0,0,0,0,0,585841772,56
0,0,0,0,0,0,0,585842283,56
0,0,0,0,0,0,0,585842797,56
0,0,0,0,0,0,0,585843307,56
0,0,0,0,0,0,0,585843817,56
0,0,0,0,0,0,0,585844328,56
0,0,0,0,0,0,0,585844838,56
0,0,0,0,0,0,0,585845348,56
0,0,0,0,0,0,0,585845859,56
0,0,0,0,0,0,0,585846369,56
0,0,0,0,0,0,0,585846880,56
0,0,0,0,0,0,0,585847390,56
0,0,0,0,0,0,0,585847900,56
0,0,0,0,0,0,0,585848411,56
0,0,0,0,0,0,0,585848921,56
0,0,0,0,0,0,0,585849432,56
0,0,0,0,0,0,0,585849942,56
0,0,0,0,0,0,0,585850452,56
0,0,0,0,0,0,0,585850963,56
0,0,0,0,0,0,0,585851473,56
0,0,0,0,0,0,0,585851983,56
0,0,0,0,0,0,0,585852494,56
0,0,0,0,0,0,0,585853006,56
0,0,0,0,0,0,0,585853516,56
0,0,0,0,0,0,0,585854027,56
0,0,0,0,0,0,0,585854537,56
0,0,0,0,0,0,0,585855047,56
0,0,0,0,0,0,0,585855558,56
0,0,0,0,0,0,0,585856070,56
0,0,0,0,0,0,0,585856580,56
0,0,0,0,0,0,0,585857090,56
0,0,0,0,0,0,0,585857601,56
0,0,0,0,0,0,0,585858111,56
0,0,0,0,0,0,0,585858621,56
0,0,0,0,0,0,0,585859132,56
0,0,0,0,0,0,0,585859642,56
0,0,0,0,0,0,0,585860156,56
0,0,0,0,0,0,0,585860666,56
0,0,0,0,0,0,0,585861177,56
0,0,0,0,0,0,0,585861687,56
0,0,0,0,0,0,0,585862197,56
0,0,0,0,0,0,0,585862708,56
0,0,0,0,0,0,0,585863222,56
0,0,0,0,0,0,0,585863732,56
0,0,0,0,0,0,0,585864243,56
0,0,0,0,0,0,0,585864753,56
0,0,0,0,0,0,0,585865263,56
0,0,0,0,0,0,0,585865773,56
0,0,0,0,0,0,0,585866284,56
0,0,0,0,0,0,0,585866798,56
0,0,0,0,0,0,0,585867308,56
0,0,0,0,0,0,0,585867819,56
0,0,0,0,0,0,0,585868329,56
0,0,0,0,0,0,0,585868839,56
0,0,0,0,0,0,0,585869350,56
0,0,0,0,0,0,0,585869860,56
0,0,0,0,0,0,0,585870371,56
0,0,0,0,0,0,0,585870881,56
0,0,0,0,0,0,0,585871392,56
0,0,0,0,0,0,0,585871902,56
0,0,0,0,0,0,0,585872412,56
0,0,0,0,0,0,0,585872923,56
0,0,0,0,0,0,0,585873433,56
0,0,0,0,0,0,0,585873943,56
0,0,0,0,0,0,0,585874454,56
0,0,0,0,0,0,0,585874964,56
0,0,0,0,0,0,0,585875475,56
0,0,0,0,0,0,0,585875985,56
0,0,0,0,0,0,0,585876495,56
0,0,0,0,0,0,0,585877008,56
0,0,0,0,0,0,0,585877518,56
0,0,0,0,0,0,0,585878028,56
0,0,0,0,0,0,0,585878538,56
0,0,0,0,0,0,0,585879049,56
0,0,0,0,0,0,0,585879559,56
0,0,0,0,0,0,0,585880071,56
0,0,0,0,0,0,0,585880582,56
0,0,0,0,0,0,0,585881092,56
0,0,0,0,0,0,0,585881602,56
0,0,0,0,0,0,0,585882113,56
0,0,0,0,0,0,0,585882623,56
0,0,0,0,0,0,0,585883133,56
0,0,0,0,0,0,0,585883644,56
0,0,0,0,0,0,0,585884154,56
0,0,0,0,0,0,0,585884665,56
0,0,0,0,0,0,0,585885176,56
0,0,0,0,0,0,0,585885686,56
0,0,0,0,0,0,0,585886197,56
0,0,0,0,0,0,0,585886707,56
0,0,0,0,0,0,0,585887218,56
0,0,0,0,0,0,0,585887732,56
0,0,0,0,0,0,0,585888242,56
0,0,0,0,0,0,0,585888753,56
0,0,0,0,0,0,0,585889263,56
0,0,0,0,0,0,0,585889773,56
0,0,0,0,0,0,0,585890284,56
0,0,0,0,0,0,0,585890798,56
0,0,0,0,0,0,0,585891308,56
0,0,0,0,0,0,0,585891822,56
0,0,0,0,0,0,0,585892332,56
0,0,0,0,0,0,0,585892842,56
0,0,0,0,0,0,0,585893353,56
0,0,0,0,0,0,0,585893863,56
0,0,0,0,0,0,0,585894374,56
0,0,0,0,0,0,0,585894884,56
0,0,0,0,0,0,0,585895394,56
0,0,0,0,0,0,0,585895905,56
0,0,0,0,0,0,0,585896415,56
0,0,0,0,0,0,0,585896925,56
0,0,0,0,0,0,0,585897436,56
0,0,0,0,0,0,0,585897946,56
0,0,0,0,0,0,0,586164840,56
0,0,0,0,0,0,0,586165351,56
0,0,0,0,0,0,0,586165861,56
0,0,0,0,0,0,0,586166376,56
0,0,0,0,0,0,0,586166886,56
0,0,0,0,0,0,0,586167396,56
0,0,0,0,0,0,0,586167907,56
0,0,0,0,0,0,0,586168417,56
0,0,0,0,0,0,0,586168931,56
0,0,0,0,0,0,0,586169444,56
0,0,0,0,0,0,0,586169957,56
0,0,0,0,0,0,0,586170468,56
0,0,0,0,0,0,0,586170978,56
0,0,0,0,0,0,0,586171489,56
0,0,0,0,0,0,0,586171999,56
0,0,0,0,0,0,0,586172511,56
0,0,0,0,0,0,0,586173022,56
0,0,0,0,0,0,0,586173532,56
0,0,0,0,0,0,0,586174042,56
0,0,0,0,0,0,0,586174552,56
0,0,0,0,0,0,0,586175065,56
0,0,0,0,0,0,0,586175575,56
0,0,0,0,0,0,0,586176087,56
0,0,0,0,0,0,0,586176597,56
0,0,0,0,0,0,0,586177108,56
0,0,0,0,0,0,0,586177618,56
0,0,0,0,0,0,0,586178128,56
0,0,0,0,0,0,0,586178639,56
0,0,0,0,0,0,0,586179149,56
0,0,0,0,0,0,0,586179659,56
0,0,0,0,0,0,0,586180170,56
0,0,0,0,0,0,0,586180680,56
0,0,0,0,0,0,0,586181190,56
0,0,0,0,0,0,0,586181701,56
0,0,0,0,0,0,0,586182211,56
0,0,0,0,0,0,0,586182721,56
0,0,0,0,0,0,0,586183232,56
0,0,0,0,0,0,0,586183742,56
0,0,0,0,0,0,0,586184252,56
0,0,0,0,0,0,0,586184763,56
0,0,0,0,0,0,0,586185273,56
0,0,0,0,0,0,0,586185783,56
0,0,0,0,0,0,0,586186294,56
0,0,0,0,0,0,0,586186804,56
0,0,0,0,0,0,0,586187318,56
0,0,0,0,0,0,0,586187829,56
0,0,0,0,0,0,0,586188339,56
0,0,0,0,0,0,0,586188849,56
0,0,0,0,0,0,0,586189360,56
0,0,0,0,0,0,0,586189870,56
0,0,0,0,0,0,0,586190384,56
0,0,0,0,0,0,0,586190895,56
0,0,0,0,0,0,0,586191405,56
0,0,0,0,0,0,0,586191915,56
0,0,0,0,0,0,0,586192426,56
0,0,0,0,0,0,0,586192936,56
0,0,0,0,0,0,0,586193448,56
0,0,0,0,0,0,0,586193962,56
0,0,0,0,0,0,0,586194473,56
0,0,0,0,0,0,0,586194983,56
0,0,0,0,0,0,0,586195494,56
0,0,0,0,0,0,0,586196006,56
0,0,0,0,0,0,0,586196516,56
0,0,0,0,0,0,0,586197027,56
0,0,0,0,0,0,0,586197537,56
0,0,0,0,0,0,0,586198047,56
0,0,0,0,0,0,0,586198558,56
0,0,0,0,0,0,0,586199070,56
0,0,0,0,0,0,0,586199580,56
0,0,0,0,0,0,0,586200090,56
0,0,0,0,0,0,0,586200601,56
0,0,0,0,0,0,0,586201111,56
0,0,0,0,0,0,0,586201621,56
0,0,0,0,0,0,0,586202132,56
0,0,0,0,0,0,0,586202642,56
0,0,0,0,0,0,0,586203152,56
0,0,0,0,0,0,0,586203663,56
0,0,0,0,0,0,0,586204173,56
0,0,0,0,0,0,0,586204683,56
0,0,0,0,0,0,0,586205194,56
0,0,0,0,0,0,0,586205704,56
0,0,0,0,0,0,0,586206214,56
0,0,0,0,0,0,0,586206725,56
0,0,0,0,0,0,0,586207235,56
0,0,0,0,0,0,0,586207745,56
0,0,0,0,0,0,0,586208256,56
0,0,0,0,0,0,0,586208766,56
0,0,0,0,0,0,0,586209276,56
0,0,0,0,0,0,0,586209787,56
0,0,0,0,0,0,0,586210297,56
0,0,0,0,0,0,0,586210807,56
0,0,0,0,0,0,0,586211318,56
0,0,0,0,0,0,0,586211828,56
0,0,0,0,0,0,0,586212339,56
0,0,0,0,0,0,0,586212850,56
0,0,0,0,0,0,0,586213360,56
0,0,0,0,0,0,0,586213870,56
0,0,0,0,0,0,0,586214381,56
0,0,0,0,0,0,0,586214895,56
0,0,0,0,0,0,0,586215405,56
0,0,0,0,0,0,0,586215916,56
0,0,0,0,0,0,0,586216426,56
0,0,0,0,0,0,0,586216936,56
0,0,0,0,0,0,0,586217449,56
0,0,0,0,0,0,0,586217963,56
0,0,0,0,0,0,0,586218473,56
0,0,0,0,0,0,0,586218985,56
0,0,0,0,0,0,0,586219495,56
0,0,0,0,0,0,0,586220008,56
0,0,0,0,0,0,0,586220518,56
0,0,0,0,0,0,0,586221028,56
0,0,0,0,0,0,0,586221539,56
0,0,0,0,0,0,0,586222049,56
0,0,0,0,0,0,0,586222560,56
0,0,0,0,0,0,0,586223072,56
0,0,0,0,0,0,0,586223582,56
0,0,0,0,0,0,0,586224092,56
0,0,0,0,0,0,0,586224603,56
0,0,0,0,0,0,0,586225113,56
0,0,0,0,0,0,0,586225623,56
0,0,0,0,0,0,0,586226134,56
0,0,0,0,0,0,0,586226644,56
0,0,0,0,0,0,0,586227155,56
0,0,0,0,0,0,0,586227665,56
0,0,0,0,0,0,0,586228175,56
0,0,0,0,0,0,0,586228686,56
0,0,0,0,0,0,0,586229196,56
0,0,0,0,0,0,0,586229706,56
0,0,0,0,0,0,0,586230217,56
0,0,0,0,0,0,0,586497610,56
0,0,0,0,0,0,0,586498124,56
0,0,0,0,0,0,0,586498635,56
0,0,0,0,0,0,0,586499145,56
0,0,0,0,0,0,0,586499656,56
0,0,0,0,0,0,0,586500166,56
0,0,0,0,0,0,0,586500676,56
0,0,0,0,0,0,0,586501187,56
0,0,0,0,0,0,0,586501697,56
0,0,0,0,0,0,0,586502208,56
0,0,0,0,0,0,0,586502718,56
0,0,0,0,0,0,0,586503228,56
0,0,0,0,0,0,0,586503739,56
0,0,0,0,0,0,0,586504249,56
0,0,0,0,0,0,0,586504759,56
0,0,0,0,0,0,0,586505270,56
0,0,0,0,0,0,0,586505780,56
0,0,0,0,0,0,0,586506290,56
0,0,0,0,0,0,0,586506800,56
0,0,0,0,0,0,0,586507311,56
0,0,0,0,0,0,0,586507821,56
0,0,0,0,0,0,0,586508331,56
0,0,0,0,0,0,0,586508842,56
0,0,0,0,0,0,0,586509352,56
0,0,0,0,0,0,0,586509862,56
0,0,0,0,0,0,0,586510373,56
0,0,0,0,0,0,0,586510883,56
0,0,0,0,0,0,0,586511393,56
0,0,0,0,0,0,0,586511904,56
0,0,0,0,0,0,0,586512414,56
0,0,0,0,0,0,0,586512924,56
0,0,0,0,0,0,0,586513435,56
0,0,0,0,0,0,0,586513945,56
0,0,0,0,0,0,0,586514456,56
0,0,0,0,0,0,0,586514966,56
0,0,0,0,0,0,0,586515476,56
0,0,0,0,0,0,0,586515987,56
0,0,0,0,0,0,0,586516497,56
0,0,0,0,0,0,0,586517009,56
0,0,0,0,0,0,0,586517520,56
0,0,0,0,0,0,0,586518030,56
0,0,0,0,0,0,0,586518540,56
0,0,0,0,0,0,0,586519054,56
0,0,0,0,0,0,0,586519565,56
0,0,0,0,0,0,0,586520077,56
0,0,0,0,0,0,0,586520587,56
0,0,0,0,0,0,0,586521097,56
0,0,0,0,0,0,0,586521608,56
0,0,0,0,0,0,0,586522122,56
0,0,0,0,0,0,0,586522632,56
0,0,0,0,0,0,0,586523143,56
0,0,0,0,0,0,0,586523653,56
0,0,0,0,0,0,0,586524164,56
0,0,0,0,0,0,0,586524674,56
0,0,0,0,0,0,0,586525184,56
0,0,0,0,0,0,0,586525695,56
0,0,0,0,0,0,0,586526205,56
0,0,0,0,0,0,0,586526715,56
0,0,0,0,0,0,0,586527226,56
0,0,0,0,0,0,0,586527736,56
0,0,0,0,0,0,0,586528247,56
0,0,0,0,0,0,0,586528757,56
0,0,0,0,0,0,0,586529267,56
0,0,0,0,0,0,0,586529778,56
0,0,0,0,0,0,0,586530288,56
0,0,0,0,0,0,0,586530798,56
0,0,0,0,0,0,0,586531309,56
0,0,0,0,0,0,0,586531819,56
0,0,0,0,0,0,0,586532330,56
0,0,0,0,0,0,0,586532840,56
0,0,0,0,0,0,0,586533350,56
0,0,0,0,0,0,0,586533861,56
0,0,0,0,0,0,0,586534371,56
0,0,0,0,0,0,0,586534881,56
0,0,0,0,0,0,0,586535392,56
0,0,0,0,0,0,0,586535902,56
0,0,0,0,0,0,0,586536412,56
0,0,0,0,0,0,0,586536923,56
0,0,0,0,0,0,0,586537433,56
0,0,0,0,0,0,0,586537943,56
0,0,0,0,0,0,0,586538453,56
0,0,0,0,0,0,0,586538964,56
0,0,0,0,0,0,0,586539474,56
0,0,0,0,0,0,0,586539984,56
0,0,0,0,0,0,0,586540499,56
0,0,0,0,0,0,0,586541011,56
0,0,0,0,0,0,0,586541521,56
0,0,0,0,0,0,0,586542031,56
0,0,0,0,0,0,0,586542542,56
0,0,0,0,0,0,0,586543052,56
0,0,0,0,0,0,0,586543567,56
0,0,0,0,0,0,0,586544079,56
0,0,0,0,0,0,0,586544589,56
0,0,0,0,0,0,0,586545099,56
0,0,0,0,0,0,0,586545610,56
0,0,0,0,0,0,0,586546124,56
0,0,0,0,0,0,0,586546634,56
0,0,0,0,0,0,0,586547148,56
0,0,0,0,0,0,0,586547659,56
0,0,0,0,0,0,0,586548169,56
0,0,0,0,0,0,0,586548679,56
