180,-140,8844,61888,451,306,28,581023193,57
180,-140,8844,61904,447,293,26,581023703,57
248,-122,8850,61920,433,290,32,581024213,57
226,-110,8824,61952,429,292,46,581024724,57
226,-110,8824,61920,425,287,52,581025234,57
218,-122,8872,61952,435,277,49,581025744,57
218,-122,8872,61952,441,272,39,581026255,57
220,-92,8806,61952,443,272,28,581026765,57
220,-92,8806,61920,439,278,26,581027276,57
240,-98,8804,61920,449,280,29,581027786,57
240,-98,8804,61936,457,281,30,581028296,57
188,-130,8828,61968,450,285,31,581028807,57
188,-130,8828,61936,444,289,38,581029317,57
162,-136,8828,61936,442,296,47,581029827,57
162,-136,8828,61968,448,296,53,581030338,57
202,-60,8858,61936,459,293,50,581030848,57
202,-60,8858,61904,468,284,44,581031358,57
226,-84,8852,61904,467,280,40,581031869,57
226,-84,8852,61936,462,280,39,581032379,57
210,-136,8830,61936,453,279,34,581032889,57
210,-136,8830,61904,451,279,27,581033400,57
238,-134,8808,61904,457,281,22,581033910,57
238,-134,8808,61936,456,275,26,581034420,57
218,-92,8786,61920,452,281,37,581034931,57
218,-92,8786,61920,448,287,39,581035443,57
192,-62,8828,61920,451,295,48,581035953,57
192,-62,8828,61920,446,306,48,581036464,57
186,-108,8866,61920,436,308,41,581036974,57
186,-108,8866,61952,437,301,41,581037484,57
194,-86,8794,61952,447,296,44,581037995,57
194,-86,8794,61920,444,293,45,581038507,57
164,-52,8808,61888,442,289,44,581039017,57
164,-52,8808,61920,443,288,37,581039528,57
184,-60,8878,61952,439,279,25,581040038,57
184,-60,8878,61920,441,276,16,581040552,57
238,-84,8848,61936,441,281,12,581041065,57
238,-84,8848,61936,447,283,19,581041575,57
234,-50,8810,61936,457,281,25,581042087,57
234,-50,8810,61936,458,280,30,581042597,57
218,-48,8780,61936,462,286,33,581043107,57
218,-48,8780,61936,466,292,43,581043622,57
172,-122,8902,61904,464,302,46,581044132,57
172,-122,8902,61936,461,306,48,581044642,57
206,-122,8886,61936,459,301,39,581045153,57
206,-122,8886,61936,454,297,34,581045663,57
204,-112,8858,61936,461,301,40,581046174,57
204,-112,8858,61904,465,293,39,581046684,57
156,-116,8920,61952,459,283,31,581047194,57
156,-116,8920,61936,453,283,30,581047705,57
168,-136,8906,61920,442,282,32,581048215,57
168,-136,8906,61936,445,279,31,581048725,57
152,-124,8818,61920,449,279,37,581049236,57
260,-90,8924,61888,447,276,37,581049746,57
260,-90,8924,61888,442,278,40,581050256,57
268,-60,8914,61920,444,274,38,581050767,57
268,-60,8914,61920,452,271,33,581051277,57
254,-62,8882,61920,458,269,31,581051787,57
254,-62,8882,61920,469,273,35,581052298,57
222,-64,8854,61920,472,283,30,581052808,57
222,-64,8854,61936,472,296,30,581053319,57
222,-34,8870,61936,465,303,29,581053829,57
222,-34,8870,61936,459,299,25,581054339,57
186,-100,8878,61936,446,289,30,581054850,57
186,-100,8878,61936,431,280,39,581055360,57
168,-74,8798,61904,424,281,43,581055870,57
168,-74,8798,61904,439,289,47,581056381,57
210,-86,8834,61904,453,293,47,581056891,57
210,-86,8834,61936,459,293,44,581057401,57
216,-66,8838,61936,461,290,43,581057912,57
216,-66,8838,61968,459,292,52,581058422,57
170,-104,8832,61936,452,297,53,581058932,57
170,-104,8832,61936,450,294,50,581059445,57
176,-130,8846,61920,437,282,45,581059955,57
176,-130,8846,61952,447,278,36,581060465,57
230,-120,8890,61952,455,278,33,581060976,57
230,-120,8890,61920,462,283,29,581061486,57
196,-70,8812,61952,457,287,24,581062002,57
196,-70,8812,61920,449,289,22,581062513,57
190,-126,8838,61920,441,293,24,581063023,57
190,-126,8838,61888,445,298,35,581063533,57
176,-114,8870,61920,440,299,46,581064044,57
176,-114,8870,61920,443,294,52,581064554,57
262,-50,8802,61920,449,290,58,581065070,57
262,-50,8802,61936,450,290,50,581065581,57
210,-72,8838,61904,457,289,40,581066091,57
210,-72,8838,61936,463,297,28,581066601,57
186,-76,8878,61968,462,300,29,581067112,57
186,-76,8878,61936,464,293,37,581067626,57
220,-96,8876,61936,454,279,43,581068136,57
220,-96,8876,61936,444,275,43,581068649,57
234,-68,8830,61936,449,287,43,581069160,57
234,-68,8830,61904,452,294,46,581069670,57
254,-82,8840,61936,449,287,49,581070181,57
254,-82,8840,61904,450,268,44,581070691,57
196,-102,8854,61936,455,254,39,581071201,57
196,-102,8854,61936,458,253,43,581071712,57
228,-82,8878,61920,452,267,47,581072222,57
228,-82,8878,61936,452,283,49,581072733,57
214,-100,8820,61952,444,304,46,581073243,57
214,-100,8820,61936,438,311,32,581073753,57
176,-74,8830,61920,446,314,13,581074264,57
188,-78,8796,61952,460,308,9,581074774,57
188,-78,8796,61920,471,303,17,581075284,57
238,-90,8832,61952,482,295,26,581075795,57
238,-90,8832,61920,479,296,29,581076305,57
214,-88,8854,61920,471,297,25,581076816,57
214,-88,8854,61920,469,303,29,581077326,57
206,-114,8834,61920,465,308,33,581077836,57
206,-114,8834,61936,453,304,30,581078347,57
226,-148,8824,61936,448,295,39,581078857,57
226,-148,8824,61904,454,282,53,581079368,57
250,-106,8844,61936,470,273,58,581079878,57
250,-106,8844,61904,478,267,54,581080388,57
216,-48,8846,61936,475,263,50,581080899,57
216,-48,8846,61904,473,267,47,581081409,57
208,-74,8810,61936,465,271,41,581081919,57
208,-74,8810,61936,455,271,32,581082430,57
204,-100,8852,61936,449,269,29,581082940,57
204,-100,8852,61936,450,268,31,581083450,57
196,-130,8844,61936,458,266,33,581083961,57
196,-130,8844,61952,465,274,33,581084471,57
198,-100,8868,61920,461,284,28,581084981,57
198,-100,8868,61952,454,288,30,581085492,57
182,-124,8870,61952,452,289,38,581086004,57
182,-124,8870,61920,448,294,48,581086514,57
186,-88,8814,61920,451,302,48,581087025,57
186,-88,8814,61920,456,301,38,581087535,57
226,-78,8802,61920,461,292,22,581088045,57
226,-78,8802,61920,463,285,23,581088556,57
164,-112,8798,61920,455,283,33,581089072,57
164,-112,8798,61920,451,274,43,581089582,57
190,-88,8840,61920,459,265,48,581090093,57
190,-88,8840,61936,459,278,44,581090603,57
192,-108,8798,61936,466,290,44,581091113,57
192,-108,8798,61904,473,294,45,581091623,57
224,-78,8830,61904,474,285,47,581092134,57
224,-78,8830,61936,468,270,42,581092648,57
204,-54,8854,61904,452,266,38,581093159,57
204,-54,8854,61936,433,275,36,581093669,57
206,-68,8892,61936,427,286,37,581094179,57
206,-68,8892,61936,429,287,43,581094690,57
222,-54,8848,61936,429,284,46,581095200,57
222,-54,8848,61936,433,283,40,581095710,57
182,-60,8830,61936,444,279,25,581096221,57
182,-60,8830,61936,450,273,19,581096731,57
188,-66,8874,61920,453,282,30,581097242,57
188,-66,8874,61904,454,292,41,581097752,57
182,-64,8870,61920,461,294,48,581098262,57
182,-64,8870,61968,465,294,47,581098772,57
268,-56,8888,61920,466,289,44,581099283,57
202,-98,8830,61920,465,287,35,581099793,57
202,-98,8830,61920,460,287,28,581100303,57
160,-110,8802,61952,455,288,24,581100814,57
160,-110,8802,61952,456,292,24,581101324,57
230,-86,8860,61952,458,288,26,581101834,57
230,-86,8860,61920,452,284,28,581102345,57
208,-80,8810,61952,450,294,29,581102855,57
208,-80,8810,61936,449,298,26,581103366,57
174,-80,8802,61904,445,294,31,581103876,57
174,-80,8802,61936,438,280,31,581104386,57
174,-94,8804,61968,440,272,32,581104897,57
174,-94,8804,61936,442,269,31,581105407,57
172,-72,8818,61936,450,272,26,581105917,57
172,-72,8818,61968,461,283,26,581106428,57
156,-60,8836,61936,470,288,30,581106938,57
156,-60,8836,61904,477,290,31,581107449,57
216,-120,8848,61936,475,301,31,581107959,57
216,-120,8848,61936,468,299,39,581108469,57
252,-98,8840,61904,464,292,43,581108980,57
252,-98,8840,61936,464,293,42,581109490,57
256,-100,8828,61952,452,290,37,581110002,57
256,-100,8828,61920,443,286,32,581110513,57
210,-84,8864,61920,439,280,28,581111027,57
210,-84,8864,61920,435,280,33,581111537,57
212,-102,8762,61920,427,277,32,581112047,57
212,-102,8762,61888,418,278,30,581112558,57
224,-78,8834,61920,421,276,27,581113070,57
224,-78,8834,61952,429,276,32,581113584,57
240,-64,8874,61920,437,277,38,581114095,57
240,-64,8874,61952,436,275,44,581114605,57
210,-56,8904,61952,448,271,45,581115115,57
210,-56,8904,61936,465,274,48,581115625,57
208,-80,8876,61904,460,279,49,581116136,57
208,-80,8876,61936,448,285,51,581116650,57
270,-54,8860,61936,446,295,42,581117160,57
270,-54,8860,61936,439,292,32,581117672,57
272,-44,8858,61936,437,282,28,581118182,57
272,-44,8858,61904,439,279,40,581118692,57
186,-118,8832,61904,450,279,46,581119203,57
186,-118,8832,61936,457,276,47,581119713,57
214,-112,8832,61936,463,274,36,581120223,57
214,-112,8832,61904,461,274,24,581120734,57
216,-106,8908,61936,457,278,18,581121244,57
216,-106,8908,61904,456,273,26,581121754,57
208,-124,8864,61952,457,279,32,581122265,57
208,-124,8864,61904,455,284,34,581122775,57
192,-130,8830,61952,459,290,33,581123285,57
192,-130,8830,61936,458,288,39,581123796,57
226,-78,8850,61952,454,284,38,581124306,57
234,-26,8866,61920,446,280,35,581124817,57
234,-26,8866,61952,444,279,30,581125327,57
212,-34,8926,61952,446,275,27,581125837,57
212,-34,8926,61920,455,271,26,581126348,57
198,-64,8902,61920,464,266,24,581126858,57
198,-64,8902,61952,470,264,28,581127368,57
204,-98,8822,61920,469,267,27,581127879,57
204,-98,8822,61936,467,276,32,581128389,57
230,-88,8842,61936,454,282,29,581128899,57
230,-88,8842,61936,442,286,34,581129410,57
172,-116,8810,61904,442,284,41,581129920,57
172,-116,8810,61936,442,282,41,581130431,57
168,-120,8874,61936,444,285,43,581130941,57
168,-120,8874,61904,448,285,48,581131451,57
224,-62,8846,61936,450,283,41,581131962,57
224,-62,8846,61904,450,278,38,581132472,57
208,-28,8810,61904,450,269,35,581132982,57
208,-28,8810,61936,451,271,26,581133493,57
176,-50,8878,61936,456,282,23,581134005,57
176,-50,8878,61920,458,283,19,581134515,57
182,-100,8834,61920,447,281,12,581135030,57
182,-100,8834,61920,440,278,12,581135540,57
208,-88,8756,61952,443,279,12,581136050,57
208,-88,8756,61920,444,282,21,581136561,57
192,-64,8878,61920,444,281,25,581137073,57
192,-64,8878,61888,444,280,28,581137583,57
168,-106,8846,61952,440,277,33,581138097,57
168,-106,8846,61952,438,280,38,581138608,57
190,-98,8902,61920,439,286,41,581139118,57
190,-98,8902,61920,444,293,37,581139628,57
222,-52,8896,61920,440,291,25,581140139,57
222,-52,8896,61936,448,301,22,581140653,57
240,-58,8864,61904,463,309,27,581141163,57
240,-58,8864,61936,465,311,31,581141678,57
180,-102,8860,61936,456,296,33,581142188,57
180,-102,8860,61904,452,283,41,581142698,57
202,-108,8876,61904,442,279,46,581143209,57
202,-108,8876,61904,445,272,48,581143719,57
226,-72,8848,61936,448,265,41,581144230,57
226,-72,8848,61936,456,263,31,581144740,57
246,-58,8902,61936,456,269,26,581145250,57
246,-58,8902,61904,451,278,25,581145761,57
156,-86,8874,61968,440,288,32,581146271,57
156,-86,8874,61936,434,298,38,581146781,57
228,-94,8836,61920,433,304,39,581147292,57
228,-94,8836,61904,432,298,37,581147802,57
216,-126,8846,61920,433,290,24,581148312,57
180,-170,8798,61920,434,291,21,581148823,57
180,-170,8798,61920,436,287,20,581149333,57
234,-156,8854,61920,431,278,21,581149843,57
234,-156,8854,61888,431,273,26,581150354,57
250,-140,8846,61920,437,277,32,581150864,57
250,-140,8846,61920,443,278,28,581151375,57
198,-104,8826,61920,451,283,34,581151885,57
198,-104,8826,61920,454,288,37,581152395,57
174,-116,8788,61904,456,289,24,581152906,57
174,-116,8788,61904,447,285,20,581153416,57
208,-74,8796,61936,439,289,17,581153926,57
208,-74,8796,61904,436,296,17,581154437,57
236,-110,8856,61936,446,300,24,581154947,57
236,-110,8856,61936,464,301,30,581155457,57
220,-106,8818,61936,473,290,39,581155968,57
220,-106,8818,61904,468,279,42,581156478,57
248,-80,8772,61904,462,271,36,581156988,57
248,-80,8772,61936,458,273,42,581157501,57
220,-70,8818,61904,453,279,53,581158011,57
220,-70,8818,61936,449,291,52,581158521,57
188,-80,8854,61936,443,294,39,581159032,57
188,-80,8854,61920,438,280,27,581159542,57
234,-116,8858,61920,438,281,17,581160052,57
234,-116,8858,61952,432,282,6,581160563,57
196,-114,8848,61920,436,278,3,581161075,57
196,-114,8848,61920,443,277,13,581161585,57
170,-120,8858,61952,447,287,16,581162096,57
170,-120,8858,61952,448,298,21,581162610,57
184,-72,8854,61952,451,298,28,581163120,57
184,-72,8854,61952,450,298,27,581163631,57
176,-74,8872,61952,454,297,33,581164141,57
176,-74,8872,61952,458,297,41,581164651,57
212,-84,8866,61920,464,295,47,581165162,57
212,-84,8866,61904,470,285,50,581165676,57
182,-80,8866,61904,469,288,44,581166186,57
182,-80,8866,61904,460,288,38,581166697,57
242,-108,8870,61936,463,285,34,581167207,57
242,-108,8870,61936,460,285,34,581167718,57
204,-70,8878,61904,459,275,38,581168228,57
204,-70,8878,61936,453,280,37,581168738,57
214,-98,8840,61936,445,285,35,581169249,57
214,-98,8840,61936,444,280,41,581169759,57
190,-126,8758,61968,450,276,46,581170269,57
190,-126,8758,61936,456,278,50,581170780,57
184,-116,8800,61936,464,282,56,581171290,57
184,-116,8800,61968,469,288,50,581171800,57
164,-60,8900,61952,467,280,40,581172311,57
164,-60,8900,61904,467,277,43,581172821,57
192,-78,8794,61920,458,284,41,581173331,57
192,-78,8794,61904,452,286,36,581173842,57
234,-76,8766,61952,454,291,27,581174352,57
180,-42,8792,61952,448,293,20,581174862,57
180,-42,8792,61920,446,285,17,581175373,57
182,-58,8806,61952,444,278,22,581175883,57
182,-58,8806,61984,449,283,39,581176393,57
228,-88,8802,61952,458,285,47,581176904,57
228,-88,8802,61920,467,285,43,581177414,57
194,-106,8766,61920,467,282,36,581177924,57
194,-106,8766,61968,469,273,30,581178435,57
134,-106,8812,61968,467,272,31,581178945,57
134,-106,8812,61936,450,269,33,581179456,57
184,-60,8804,61872,441,272,34,581179966,57
184,-60,8804,61904,442,270,28,581180476,57
228,-86,8824,61904,448,277,34,581180987,57
228,-86,8824,61936,446,278,41,581181497,57
202,-92,8836,61936,448,281,52,581182009,57
202,-92,8836,61936,458,287,51,581182520,57
178,-122,8854,61936,464,284,44,581183030,57
178,-122,8854,61936,463,278,34,581183540,57
240,-60,8910,61936,459,278,29,581184055,57
240,-60,8910,61920,455,274,24,581184565,57
198,-64,8832,61920,452,284,29,581185077,57
198,-64,8832,61920,442,287,34,581185587,57
184,-88,8896,61920,443,285,42,581186098,57
184,-88,8896,61920,450,286,47,581186608,57
226,-70,8934,61952,453,288,57,581187122,57
226,-70,8934,61920,455,288,58,581187633,57
284,-78,8864,61920,450,290,54,581188143,57
284,-78,8864,61952,445,281,48,581188653,57
236,-76,8780,61920,453,278,45,581189164,57
236,-76,8780,61920,459,278,45,581189678,57
222,-106,8836,61920,461,271,44,581190188,57
222,-106,8836,61936,466,267,36,581190702,57
156,-50,8824,61936,472,269,35,581191213,57
156,-50,8824,61904,474,269,38,581191723,57
216,-118,8882,61904,463,275,36,581192233,57
216,-118,8882,61968,455,289,31,581192744,57
186,-136,8882,61968,437,298,26,581193254,57
186,-136,8882,61936,428,308,17,581193765,57
160,-106,8906,61936,435,310,17,581194275,57
160,-106,8906,61936,440,301,29,581194785,57
188,-92,8870,61936,445,299,43,581195296,57
188,-92,8870,61936,467,292,46,581195806,57
240,-88,8856,61904,471,282,45,581196316,57
240,-88,8856,61936,459,279,30,581196827,57
218,-138,8822,61952,449,271,18,581197337,57
218,-138,8822,61936,447,278,13,581197847,57
222,-104,8862,61920,438,288,27,581198358,57
194,-102,8850,61920,438,295,33,581198868,57
194,-102,8850,61952,442,295,32,581199378,57
200,-88,8802,61920,459,290,29,581199889,57
200,-88,8802,61952,473,289,26,581200399,57
184,-66,8738,61920,474,287,28,581200910,57
184,-66,8738,61920,468,290,30,581201420,57
222,-62,8784,61920,461,292,33,581201930,57
222,-62,8784,61920,460,291,38,581202442,57
224,-96,8856,61936,458,282,37,581202953,57
224,-96,8856,61936,457,274,35,581203463,57
230,-72,8794,61936,458,267,34,581203974,57
230,-72,8794,61904,450,262,34,581204484,57
182,-24,8782,61936,444,260,36,581204995,57
182,-24,8782,61936,438,263,40,581205507,57
188,-78,8826,61968,432,268,49,581206017,57
188,-78,8826,61936,431,273,48,581206527,57
190,-68,8824,61904,437,280,44,581207038,57
190,-68,8824,61936,446,278,37,581207548,57
160,-40,8840,61904,447,283,31,581208058,57
160,-40,8840,61904,453,286,26,581208569,57
150,-40,8852,61920,466,287,26,581209081,57
150,-40,8852,61920,475,290,34,581209591,57
210,-72,8802,61920,476,292,45,581210102,57
210,-72,8802,61920,478,287,52,581210612,57
268,-98,8842,61952,471,292,45,581211126,57
188,-80,8868,61936,453,282,27,581522123,57
166,-132,8882,61920,450,280,17,581522633,57
166,-132,8882,61936,450,277,13,581523143,57
204,-84,8890,61952,449,275,24,581523654,57
238,-88,8794,61920,454,275,25,581524164,57
238,-88,8794,61920,463,274,25,581524674,57
190,-90,8812,61920,469,267,26,581525185,57
190,-90,8812,61920,473,264,20,581525695,57
116,-62,8910,61952,473,267,22,581526206,57
116,-62,8910,61952,473,278,31,581526716,57
180,-72,8900,61888,477,283,40,581527227,57
180,-72,8900,61904,473,285,37,581527737,57
280,-84,8882,61936,465,283,36,581528247,57
280,-84,8882,61936,466,279,39,581528762,57
220,-82,8874,61904,461,274,33,581529272,57
220,-82,8874,61904,454,270,36,581529782,57
238,-60,8840,61936,452,273,44,581530293,57
238,-60,8840,61936,450,276,49,581530803,57
210,-104,8808,61936,445,275,57,581531313,57
210,-104,8808,61936,440,277,47,581531828,57
214,-50,8820,61904,451,279,40,581532338,57
214,-50,8820,61936,457,290,42,581532851,57
174,-84,8840,61904,460,292,47,581533361,57
174,-84,8840,61920,465,287,39,581533872,57
208,-106,8864,61952,464,285,37,581534382,57
208,-106,8864,61952,454,288,31,581534893,57
248,-126,8904,61920,445,283,29,581535403,57
248,-126,8904,61920,443,278,30,581535913,57
244,-86,8902,61920,454,280,28,581536424,57
244,-86,8902,61888,460,277,29,581536934,57
196,-62,8916,61920,456,278,27,581537446,57
196,-62,8916,61920,454,285,27,581537957,57
192,-90,8874,61920,448,290,38,581538467,57
192,-90,8874,61952,440,283,41,581538977,57
240,-102,8860,61952,443,278,34,581539488,57
240,-102,8860,61904,453,270,35,581539998,57
222,-100,8834,61936,450,271,30,581540510,57
222,-100,8834,61904,440,274,26,581541021,57
166,-102,8864,61904,444,282,39,581541531,57
166,-102,8864,61904,452,291,53,581542041,57
188,-94,8830,61904,453,300,56,581542552,57
188,-94,8830,61936,449,310,47,581543064,57
240,-96,8818,61936,450,312,46,581543574,57
240,-96,8818,61904,459,307,50,581544086,57
188,-154,8842,61904,453,299,51,581544597,57
188,-154,8842,61904,450,292,46,581545107,57
204,-110,8812,61904,464,285,40,581545617,57
204,-110,8812,61936,464,279,35,581546128,57
220,-78,8844,61920,452,272,32,581546638,57
220,-78,8844,61904,446,274,30,581547148,57
220,-80,8880,61920,444,288,20,581547659,57
220,-80,8880,61872,443,295,17,581548169,57
176,-70,8860,61920,441,298,27,581548679,57
212,-80,8786,61952,445,295,37,581549190,57
212,-80,8786,61952,454,294,46,581549700,57
294,-100,8862,61920,456,289,41,581550214,57
294,-100,8862,61920,458,279,33,581550725,57
262,-118,8920,61920,463,274,35,581551235,57
262,-118,8920,61920,467,278,36,581551745,57
174,-108,8908,61936,466,288,38,581552256,57
174,-108,8908,61936,461,283,34,581552766,57
192,-74,8906,61936,448,277,38,581553281,57
192,-74,8906,61936,445,280,43,581553791,57
240,-42,8868,61936,453,288,48,581554301,57
240,-42,8868,61936,465,288,48,581554812,57
164,-78,8878,61904,467,288,35,581555322,57
164,-78,8878,61936,458,281,28,581555836,57
200,-120,8844,61936,448,279,25,581556347,57
200,-120,8844,61936,441,286,28,581556860,57
190,-100,8830,61936,429,292,37,581557371,57
190,-100,8830,61904,427,298,41,581557881,57
182,-58,8834,61920,444,295,41,581558392,57
182,-58,8834,61920,463,288,42,581558902,57
204,-98,8808,61920,462,278,35,581559412,57
204,-98,8808,61920,457,275,34,581559923,57
208,-78,8832,61920,457,273,31,581560433,57
208,-78,8832,61952,460,278,27,581560943,57
230,-70,8862,61952,448,275,27,581561454,57
230,-70,8862,61920,438,275,24,581561964,57
224,-64,8874,61920,435,277,20,581562474,57
224,-64,8874,61920,438,287,19,581562985,57
188,-102,8840,61920,439,289,22,581563495,57
188,-102,8840,61920,447,292,24,581564008,57
214,-120,8786,61904,449,292,32,581564518,57
214,-120,8786,61936,445,289,40,581565028,57
250,-86,8870,61936,442,284,32,581565539,57
250,-86,8870,61904,441,278,22,581566049,57
248,-100,8850,61936,440,276,17,581566559,57
248,-100,8850,61936,439,277,26,581567072,57
216,-72,8878,61936,435,280,39,581567582,57
216,-72,8878,61936,429,284,43,581568092,57
210,-72,8830,61904,438,282,41,581568603,57
210,-72,8830,61904,452,294,33,581569113,57
206,-54,8810,61904,455,305,28,581569623,57
206,-54,8810,61936,451,297,24,581570134,57
186,-66,8806,61936,451,279,22,581570644,57
186,-66,8806,61904,456,266,27,581571155,57
124,-80,8844,61920,465,268,42,581571665,57
124,-80,8844,61904,473,273,50,581572175,57
188,-98,8874,61920,484,280,60,581572685,57
188,-94,8858,61920,478,280,61,581573196,57
188,-94,8858,61920,464,280,50,581573706,57
268,-96,8862,61920,444,283,44,581574220,57
268,-96,8862,61952,437,281,40,581574731,57
250,-108,8842,61952,448,284,31,581575241,57
250,-108,8842,61952,460,287,33,581575751,57
206,-118,8864,61984,461,291,35,581576262,57
206,-118,8864,61936,455,299,35,581576772,57
246,-106,8868,61936,454,296,36,581577286,57
246,-106,8868,61936,445,292,44,581577797,57
210,-94,8888,61936,441,287,48,581578307,57
210,-94,8888,61936,442,290,49,581578817,57
224,-80,8916,61936,449,285,45,581579328,57
224,-80,8916,61904,451,289,46,581579842,57
240,-108,8846,61936,451,281,35,581580352,57
240,-108,8846,61936,450,262,26,581580866,57
234,-60,8810,61904,449,253,34,581581377,57
234,-60,8810,61936,450,257,41,581581887,57
220,-100,8846,61936,450,263,40,581582397,57
220,-100,8846,61920,446,268,38,581582908,57
280,-84,8760,61952,452,275,31,581583418,57
280,-84,8760,61952,456,289,19,581583929,57
250,-80,8780,61920,449,301,12,581584441,57
250,-80,8780,61952,445,294,9,581584951,57
192,-38,8826,61952,453,285,30,581881239,57
208,-68,8870,61920,463,290,22,581881749,57
208,-68,8870,61920,470,291,13,581882260,57
198,-36,8834,61952,471,296,3,581882770,57
198,-36,8834,61920,463,299,13,581883280,57
222,-68,8846,61936,452,296,31,581883791,57
222,-68,8846,61936,449,292,29,581884301,57
212,-98,8896,61904,438,282,30,581884811,57
212,-98,8896,61936,436,276,33,581885322,57
250,-94,8840,61936,449,285,39,581885832,57
250,-94,8840,61936,467,296,48,581886347,57
260,-96,8844,61904,471,298,48,581886857,57
260,-96,8844,61904,468,296,47,581887367,57
216,-118,8854,61936,465,295,36,581887878,57
216,-118,8854,61936,461,295,28,581888388,57
204,-148,8814,61936,455,300,30,581888902,57
204,-148,8814,61936,458,291,28,581889413,57
222,-108,8840,61888,461,272,16,581889923,57
222,-108,8840,61936,463,263,25,581890433,57
212,-70,8888,61920,453,263,37,581890944,57
212,-70,8888,61936,451,270,41,581891454,57
188,-146,8866,61920,448,279,40,581891968,57
198,-108,8858,61920,451,283,32,581892479,57
198,-108,8858,61920,450,284,28,581892992,57
200,-100,8864,61920,453,288,23,581893505,57
200,-100,8864,61888,458,291,12,581894015,57
158,-80,8864,61952,459,290,11,581894525,57
158,-80,8864,61920,462,287,10,581895036,57
214,-118,8848,61904,458,287,5,581895546,57
214,-118,8848,61936,457,290,13,581896057,57
214,-126,8862,61936,459,294,19,581896567,57
214,-126,8862,61936,457,290,23,581897079,57
200,-104,8830,61936,460,282,23,581897589,57
200,-104,8830,61936,459,286,29,581898100,57
174,-96,8872,61936,454,292,34,581898610,57
174,-96,8872,61936,449,298,21,581899120,57
166,-104,8908,61936,449,298,19,581899631,57
166,-104,8908,61904,449,297,34,581900141,57
236,-72,8890,61904,452,292,42,581900651,57
236,-72,8890,61936,455,288,48,581901162,57
248,-44,8872,61936,455,288,51,581901672,57
248,-44,8872,61952,440,280,42,581902183,57
186,-70,8828,61920,442,288,33,581902693,57
186,-70,8828,61920,441,288,23,581903203,57
188,-94,8796,61920,447,281,19,581903713,57
188,-94,8796,61952,447,279,25,581904224,57
234,-118,8828,61920,447,274,30,581904734,57
234,-118,8828,61920,447,274,35,581905244,57
270,-92,8836,61920,444,274,41,581905755,57
270,-92,8836,61920,440,280,46,581906265,57
260,-98,8864,61888,439,287,50,581906775,57
260,-98,8864,61888,442,297,52,581907286,57
190,-110,8914,61952,453,308,50,581907796,57
190,-110,8914,61904,469,311,54,581908306,57
228,-68,8858,61936,468,300,46,581908817,57
228,-68,8858,61936,471,290,30,581909327,57
210,-58,8814,61936,461,290,21,581909837,57
210,-58,8814,61904,444,289,20,581910352,57
170,-58,8856,61904,428,288,24,581910862,57
170,-58,8856,61936,433,291,24,581911372,57
218,-56,8874,61904,445,293,20,581911883,57
218,-56,8874,61904,448,296,21,581912393,57
248,-72,8880,61904,452,296,25,581912903,57
248,-72,8880,61904,446,299,24,581913418,57
188,-56,8822,61904,439,293,37,581913928,57
188,-56,8822,61904,438,287,43,581914440,57
168,-114,8766,61920,435,287,43,581914951,57
168,-114,8766,61904,433,286,44,581915461,57
216,-118,8836,61952,433,288,44,581915975,57
234,-80,8802,61920,430,287,39,581916486,57
234,-80,8802,61920,433,282,30,581917002,57
178,-112,8834,61920,439,281,26,581917512,57
178,-112,8834,61920,443,277,23,581918022,57
162,-128,8854,61920,446,270,22,581918533,57
162,-128,8854,61888,455,273,21,581919043,57
222,-68,8820,61920,459,272,26,581919553,57
222,-68,8820,61904,463,276,30,581920066,57
194,-130,8876,61904,462,282,35,581920576,57
194,-130,8876,61904,460,285,39,581921088,57
216,-116,8900,61904,462,292,40,581921598,57
216,-116,8900,61936,462,297,42,581922109,57
232,-108,8858,61904,459,301,36,581922619,57
232,-108,8858,61936,455,299,37,581923129,57
258,-118,8800,61936,448,292,39,581923640,57
258,-118,8800,61904,445,281,37,581924150,57
222,-120,8762,61936,449,267,42,581924660,57
222,-120,8762,61936,451,266,41,581925171,57
212,-104,8796,61904,452,263,38,581925681,57
212,-104,8796,61936,458,265,42,581926191,57
224,-70,8844,61920,462,270,46,581926702,57
224,-70,8844,61920,454,286,43,581927212,57
218,-94,8876,61952,454,295,38,581927722,57
218,-94,8876,61920,457,301,36,581928233,57
144,-80,8796,61920,465,303,41,581928743,57
144,-80,8796,61952,462,305,47,581929254,57
216,-86,8762,61920,453,304,48,581929764,57
216,-86,8762,61920,455,291,50,581930274,57
228,-76,8742,61920,457,280,42,581930785,57
228,-76,8742,61952,454,272,38,581931295,57
212,-108,8780,61920,450,267,38,581931805,57
212,-108,8780,61920,444,264,35,581932316,57
220,-98,8818,61904,452,269,27,581932826,57
220,-98,8818,61904,464,278,30,581933336,57
190,-98,8874,61936,474,284,34,581933847,57
190,-98,8874,61936,475,289,35,581934361,57
224,-92,8842,61936,471,288,36,581934871,57
224,-92,8842,61936,464,286,39,581935382,57
220,-120,8838,61936,458,284,39,581935892,57
220,-120,8838,61936,457,286,24,581936403,57
150,-142,8834,61936,451,293,15,581936913,57
150,-142,8834,61936,445,299,20,581937427,57
176,-108,8802,61936,441,292,26,581937938,57
176,-108,8802,61936,441,282,31,581938449,57
190,-78,8840,61920,444,273,32,581938959,57
190,-78,8840,61936,450,269,30,581939469,57
202,-60,8814,61920,459,273,38,581939983,57
202,-60,8814,61936,459,277,41,581940494,57
224,-104,8836,61888,471,275,38,581941010,57
254,-74,8872,61920,475,284,38,581941520,57
254,-74,8872,61888,464,292,37,581942030,57
240,-68,8844,61920,457,296,31,581942541,57
240,-68,8844,61920,450,295,33,581943051,57
208,-40,8920,61920,446,294,37,581943561,57
208,-40,8920,61920,436,290,35,581944074,57
214,-60,8850,61920,443,299,29,582257093,57
214,-60,8850,61920,440,291,25,582257604,57
210,-126,8914,61904,442,283,33,582258118,57
210,-126,8914,61968,444,280,42,582258628,57
242,-142,8864,61936,449,276,39,582259143,57
242,-142,8864,61936,457,268,35,582259653,57
224,-102,8880,61904,458,268,33,582260163,57
224,-102,8880,61936,451,278,33,582260674,57
162,-78,8850,61936,437,291,38,582261184,57
162,-78,8850,61936,433,291,46,582261694,57
160,-76,8840,61904,442,298,48,582262205,57
160,-76,8840,61936,453,301,45,582262715,57
224,-54,8854,61936,458,298,42,582263225,57
224,-54,8854,61936,455,290,35,582263736,57
168,-114,8842,61920,449,287,35,582264246,57
168,-114,8842,61904,447,285,40,582264756,57
160,-100,8860,61920,442,287,55,582265267,57
160,-100,8860,61936,446,288,54,582265777,57
188,-96,8894,61920,462,297,51,582266288,57
216,-112,8820,61920,470,301,40,582266798,57
216,-112,8820,61920,474,298,32,582267308,57
174,-110,8874,61920,465,295,34,582267819,57
174,-110,8874,61920,464,287,30,582268329,57
188,-112,8832,61920,462,284,26,582268839,57
188,-112,8832,61920,455,285,24,582269350,57
198,-112,8788,61920,452,286,31,582269860,57
198,-112,8788,61920,455,282,27,582270370,57
214,-130,8836,61936,455,282,19,582270881,57
214,-130,8836,61936,459,285,18,582271391,57
198,-106,8810,61968,466,284,15,582271901,57
198,-106,8810,61904,462,284,23,582272412,57
162,-144,8854,61904,463,286,36,582272922,57
162,-144,8854,61936,463,286,37,582273432,57
198,-124,8880,61936,460,285,40,582273943,57
198,-124,8880,61904,451,280,39,582274453,57
192,-88,8864,61936,441,274,28,582274963,57
192,-88,8864,61904,439,271,25,582275474,57
192,-132,8866,61904,438,268,18,582275984,57
192,-132,8866,61936,440,276,12,582276494,57
216,-144,8832,61952,443,282,6,582277006,57
216,-144,8832,61920,446,288,4,582277517,57
248,-130,8814,61888,444,292,20,582278027,57
248,-130,8814,61920,440,295,27,582278538,57
204,-142,8866,61920,440,296,32,582279048,57
204,-142,8866,61952,436,293,39,582279558,57
176,-136,8832,61952,434,284,43,582280074,57
176,-136,8832,61952,434,277,45,582280585,57
216,-112,8892,61920,438,271,45,582281095,57
216,-112,8892,61920,438,278,41,582281605,57
240,-100,8842,61920,442,289,46,582282116,57
240,-100,8842,61952,456,292,47,582282626,57
172,-74,8854,61936,468,287,33,582283141,57
172,-74,8854,61904,474,280,26,582283651,57
144,-88,8846,61936,467,271,21,582284161,57
144,-88,8846,61936,454,273,23,582284672,57
242,-64,8938,61904,441,283,31,582285182,57
242,-64,8938,61904,430,291,34,582285692,57
252,-70,8922,61936,431,292,39,582286203,57
252,-70,8922,61936,433,292,39,582286713,57
244,-106,8802,61968,438,298,34,582287223,57
244,-106,8802,61936,441,299,31,582287734,57
182,-88,8798,61904,436,296,38,582288244,57
182,-88,8798,61936,437,289,47,582288754,57
238,-68,8844,61952,433,284,53,582289265,57
238,-68,8844,61936,433,279,50,582289775,57
264,-54,8840,61920,439,271,47,582290285,57
264,-54,8840,61904,445,264,46,582290796,57
214,-110,8834,61920,449,267,38,582291306,57
172,-104,8836,61920,456,280,26,582291816,57
172,-104,8836,61888,463,292,17,582292327,57
244,-118,8772,61920,460,299,19,582292837,57
244,-118,8772,61920,464,298,29,582293347,57
250,-124,8772,61888,461,295,27,582293858,57
250,-124,8772,61952,459,294,26,582294368,57
228,-122,8822,61920,457,296,25,582294878,57
228,-122,8822,61920,445,299,23,582295389,57
228,-126,8838,61936,448,294,33,582295899,57
228,-126,8838,61904,456,295,36,582296409,57
244,-88,8866,61936,461,291,35,582296920,57
244,-88,8866,61904,463,288,36,582297430,57
194,-94,8862,61904,452,293,31,582297940,57
194,-94,8862,61936,442,301,24,582298451,57
204,-180,8916,61936,445,307,18,582298961,57
204,-180,8916,61936,449,313,18,582299471,57
206,-160,8860,61904,446,311,21,582299982,57
206,-160,8860,61936,450,294,31,582300492,57
224,-134,8870,61936,454,282,35,582301004,57
224,-134,8870,61936,458,275,47,582301518,57
180,-130,8894,61920,465,279,63,582302029,57
180,-130,8894,61920,461,277,49,582302539,57
224,-82,8796,61952,457,282,39,582303049,57
224,-82,8796,61952,454,289,22,582303560,57
236,-94,8788,61920,452,293,14,582304072,57
236,-94,8788,61952,444,293,16,582304586,57
228,-66,8830,61920,440,293,22,582305097,57
228,-66,8830,61952,452,293,34,582305607,57
222,-74,8850,61952,459,289,42,582306117,57
222,-74,8850,61952,459,292,37,582306627,57
226,-94,8876,61888,456,291,27,582307142,57
226,-94,8876,61952,462,289,19,582307652,57
226,-98,8928,61936,453,278,3,582308166,57
226,-98,8928,61904,436,273,0,582308676,57
190,-80,8870,61936,431,269,3,582309187,57
190,-80,8870,61904,432,267,14,582309697,57
186,-112,8852,61904,428,275,22,582310208,57
186,-112,8852,61904,443,285,25,582310718,57
216,-160,8834,61936,453,288,29,582311228,57
216,-160,8834,61936,457,288,31,582311739,57
198,-134,8824,61904,464,289,28,582312249,57
198,-134,8824,61936,465,286,29,582312759,57
220,-114,8854,61904,459,285,33,582313270,57
220,-114,8854,61904,455,286,32,582313780,57
194,-122,8810,61920,457,275,29,582314290,57
194,-122,8810,61904,460,272,34,582314801,57
228,-110,8880,61888,463,279,41,582315311,57
228,-110,8880,61904,456,284,39,582315821,57
310,-84,8880,61920,448,289,45,582316332,57
208,-92,8878,61920,449,294,45,582316842,57
208,-92,8878,61952,447,298,38,582317352,57
236,-68,8810,61920,445,294,39,582317863,57
236,-68,8810,61920,447,284,42,582318373,57
270,-50,8812,61920,453,274,40,582318883,57
292,-112,8842,61904,454,288,29,582607062,57
274,-94,8782,61920,457,286,23,582607572,57
274,-94,8782,61936,459,284,27,582608084,57
162,-72,8786,61920,461,281,33,582608595,57
252,-70,8842,61952,464,276,29,582609105,57
252,-70,8842,61920,463,273,32,582609615,57
240,-126,8918,61952,459,275,31,582610126,57
240,-126,8918,61920,458,289,34,582610636,57
220,-116,8786,61920,461,302,37,582611146,57
220,-116,8786,61920,464,304,36,582611661,57
174,-108,8834,61920,462,296,32,582612171,57
174,-108,8834,61936,457,276,24,582612681,57
202,-110,8826,61968,456,276,14,582613192,57
202,-110,8826,61936,443,277,21,582613702,57
238,-100,8808,61904,441,288,33,582614213,57
238,-100,8808,61904,453,296,44,582614727,57
182,-70,8810,61904,456,298,44,582615237,57
182,-70,8810,61904,447,291,41,582615748,57
188,-66,8810,61904,442,280,39,582616258,57
188,-66,8810,61936,437,273,29,582616768,57
240,-142,8814,61904,439,278,24,582617283,57
240,-142,8814,61904,441,280,20,582617793,57
236,-132,8822,61936,447,276,18,582618307,57
236,-132,8822,61952,456,279,25,582618817,57
208,-100,8864,61952,465,281,34,582619328,57
208,-100,8864,61920,462,282,35,582619838,57
176,-108,8898,61888,459,292,37,582620348,57
176,-108,8898,61920,457,297,46,582620859,57
218,-112,8884,61952,457,299,58,582621369,57
218,-112,8884,61920,455,299,65,582621879,57
194,-138,8854,61952,453,297,59,582622390,57
194,-138,8854,61952,459,286,51,582622900,57
206,-102,8846,61920,456,274,47,582623410,57
206,-102,8846,61920,452,273,47,582623920,57
240,-68,8854,61920,449,287,37,582624431,57
240,-68,8854,61904,455,301,34,582624941,57
248,-62,8842,61904,461,301,37,582625452,57
248,-62,8842,61904,465,302,42,582625962,57
166,-80,8830,61904,464,301,38,582626472,57
166,-80,8830,61936,468,296,31,582626983,57
118,-90,8882,61936,474,287,23,582627493,57
118,-90,8882,61904,464,281,13,582628005,57
148,-152,8966,61936,449,276,16,582628516,57
148,-152,8966,61936,442,279,26,582629026,57
186,-106,8930,61936,442,289,35,582629536,57
186,-106,8930,61904,441,293,35,582630046,57
162,-118,8860,61904,440,293,36,582630557,57
162,-118,8860,61936,446,293,36,582631069,57
204,-92,8844,61920,451,290,37,582631579,57
204,-92,8844,61936,453,284,33,582632091,57
248,-80,8806,61888,459,283,28,582632601,57
248,-80,8806,61936,463,284,27,582633111,57
202,-106,8806,61920,468,279,27,582633622,57
216,-98,8830,61952,471,281,33,582634132,57
216,-98,8830,61920,472,284,36,582634642,57
154,-86,8882,61920,462,284,38,582635153,57
154,-86,8882,61920,456,284,40,582635667,57
228,-130,8892,61920,452,284,35,582636177,57
228,-130,8892,61920,451,280,31,582636688,57
228,-90,8852,61920,449,286,34,582637198,57
228,-90,8852,61936,444,286,37,582637708,57
214,-112,8854,61936,452,285,42,582638219,57
214,-112,8854,61936,454,286,41,582638733,57
230,-156,8866,61904,453,290,47,582639243,57
230,-156,8866,61904,460,292,54,582639753,57
228,-106,8826,61904,460,295,52,582640264,57
228,-106,8826,61936,465,299,42,582640774,57
160,-90,8890,61904,465,295,28,582641284,57
160,-90,8890,61936,461,287,18,582641795,57
160,-84,8856,61904,463,281,21,582642309,57
160,-84,8856,61936,454,276,25,582642819,57
250,-70,8778,61904,445,283,28,582643330,57
250,-70,8778,61920,449,280,36,582643840,57
242,-72,8824,61920,460,273,36,582644350,57
242,-72,8824,61920,459,279,34,582644861,57
190,-118,8810,61888,453,288,34,582645371,57
190,-118,8810,61920,457,295,32,582645881,57
176,-130,8804,61920,458,296,32,582646392,57
176,-130,8804,61920,447,298,30,582646902,57
260,-114,8824,61920,431,301,33,582647412,57
260,-114,8824,61920,429,300,36,582647923,57
194,-118,8844,61920,439,292,38,582648433,57
194,-118,8844,61920,448,291,38,582648943,57
184,-62,8850,61920,457,290,36,582649454,57
184,-62,8850,61904,480,278,31,582649964,57
200,-122,8788,61904,492,278,24,582650475,57
200,-122,8788,61904,474,285,12,582650985,57
224,-122,8882,61936,456,289,10,582651495,57
224,-122,8882,61936,452,284,14,582652008,57
246,-84,8832,61904,454,281,26,582652518,57
246,-84,8832,61904,461,270,44,582653028,57
208,-168,8802,61904,457,260,52,582653539,57
208,-168,8802,61904,452,258,58,582654049,57
252,-134,8850,61936,442,258,58,582654559,57
252,-134,8850,61936,442,270,55,582655072,57
248,-64,8868,61936,446,285,44,582655582,57
248,-64,8868,61936,442,304,29,582656092,57
222,-78,8856,61920,449,312,25,582656603,57
222,-78,8856,61936,452,315,24,582657113,57
202,-122,8896,61920,458,306,23,582657623,57
202,-122,8896,61904,467,293,24,582658134,57
216,-96,8876,61920,469,266,30,582658644,57
234,-94,8860,61888,466,266,36,582659154,57
234,-94,8860,61920,453,274,34,582659665,57
196,-100,8814,61920,448,278,26,582660175,57
196,-100,8814,61952,449,277,29,582660685,57
188,-120,8768,61952,459,279,40,582661196,57
188,-120,8768,61952,470,284,49,582661706,57
214,-72,8806,61920,466,293,49,582662216,57
214,-72,8806,61936,451,298,49,582662727,57
228,-50,8832,61904,449,290,42,582663241,57
228,-50,8832,61936,448,285,35,582663751,57
152,-64,8902,61936,450,291,32,582664262,57
152,-64,8902,61904,463,296,31,582664772,57
196,-106,8876,61936,464,296,31,582665282,57
196,-106,8876,61904,456,287,27,582665793,57
206,-64,8850,61936,448,281,19,582666307,57
206,-64,8850,61936,452,282,21,582666817,57
184,-56,8854,61904,467,290,24,582667330,57
184,-56,8854,61904,472,295,25,582667840,57
172,-100,8834,61936,471,292,32,582668350,57
172,-100,8834,61920,467,285,40,582668861,57
198,-122,8870,61920,462,280,43,582669371,57
198,-122,8870,61920,452,275,43,582669882,57
238,-84,8854,61904,452,273,19,582961612,57
238,-84,8854,61920,450,282,11,582962123,57
238,-68,8844,61952,454,285,10,582962633,57
238,-68,8844,61952,461,286,23,582963143,57
198,-82,8864,61920,456,288,40,582963654,57
198,-82,8864,61952,450,289,55,582964164,57
276,-68,8876,61920,456,290,57,582964674,57
276,-68,8876,61920,451,291,52,582965185,57
240,-36,8862,61920,443,299,38,582965695,57
240,-36,8862,61920,445,299,17,582966205,57
142,-78,8838,61920,446,296,19,582966716,57
142,-78,8838,61920,447,291,23,582967226,57
170,-118,8898,61920,450,280,23,582967736,57
170,-118,8898,61936,453,278,25,582968247,57
206,-104,8870,61936,456,279,29,582968757,57
206,-104,8870,61936,458,277,38,582969267,57
222,-160,8898,61936,458,271,38,582969778,57
222,-160,8898,61936,467,276,29,582970288,57
206,-152,8900,61936,464,285,36,582970798,57
206,-152,8900,61904,451,293,47,582971309,57
232,-86,8896,61904,444,292,45,582971823,57
232,-86,8896,61936,447,291,41,582972333,57
288,-110,8896,61936,448,284,27,582972844,57
288,-110,8896,61904,455,276,15,582973354,57
252,-60,8882,61936,468,280,15,582973865,57
252,-60,8882,61936,476,288,22,582974375,57
236,-102,8896,61920,472,282,33,582974890,57
236,-102,8896,61904,463,283,44,582975400,57
222,-110,8894,61920,463,285,56,582975910,57
222,-110,8894,61936,468,284,59,582976420,57
210,-110,8866,61920,469,288,58,582976931,57
142,-118,8848,61952,472,292,52,582977447,57
142,-118,8848,61952,471,294,43,582977957,57
152,-78,8830,61920,467,296,31,582978470,57
152,-78,8830,61920,457,295,17,582978980,57
240,-124,8834,61920,452,299,13,582979491,57
240,-124,8834,61920,448,299,15,582980003,57
216,-114,8830,61936,446,295,21,582980514,57
216,-114,8830,61936,448,290,28,582981024,57
150,-106,8786,61936,460,282,30,582981534,57
150,-106,8786,61936,454,279,39,582982045,57
154,-64,8802,61904,450,279,52,582982555,57
154,-64,8802,61904,451,288,58,582983067,57
216,-30,8852,61904,458,295,48,582983577,57
216,-30,8852,61904,458,298,41,582984089,57
196,-64,8876,61936,457,300,43,582984600,57
196,-64,8876,61936,457,298,39,582985110,57
194,-94,8834,61904,453,293,31,582985620,57
194,-94,8834,61872,455,285,30,582986131,57
214,-64,8822,61920,466,278,20,582986641,57
214,-64,8822,61920,464,276,13,582987151,57
206,-62,8838,61920,460,273,14,582987662,57
206,-62,8838,61920,451,272,11,582988172,57
176,-86,8782,61920,446,276,20,582988682,57
176,-86,8782,61920,441,277,21,582989193,57
158,-104,8794,61920,439,278,23,582989703,57
158,-104,8794,61920,450,286,27,582990213,57
188,-88,8802,61920,459,288,31,582990724,57
188,-88,8802,61920,456,284,40,582991234,57
176,-114,8796,61952,456,276,38,582991744,57
176,-114,8796,61920,463,264,24,582992254,57
122,-106,8840,61920,468,269,26,582992765,57
122,-106,8840,61936,457,287,50,582993275,57
188,-122,8834,61936,448,291,54,582993786,57
188,-122,8834,61936,444,291,52,582994296,57
262,-110,8886,61904,443,292,51,582994806,57
262,-110,8886,61936,448,284,48,582995317,57
216,-58,8838,61904,454,280,46,582995831,57
216,-58,8838,61904,452,275,54,582996341,57
210,-138,8828,61936,449,279,65,582996852,57
210,-138,8828,61936,456,283,63,582997362,57
184,-98,8852,61936,455,285,52,582997873,57
184,-98,8852,61936,458,287,36,582998383,57
192,-68,8816,61936,459,284,25,582998897,57
192,-68,8816,61936,459,284,21,582999408,57
212,-74,8766,61920,456,283,18,582999918,57
212,-74,8766,61904,454,278,25,583000428,57
164,-92,8856,61920,458,274,38,583000939,57
188,-64,8918,61920,458,267,49,583001453,57
188,-64,8918,61920,459,259,40,583001963,57
218,-94,8874,61952,460,262,37,583002478,57
218,-94,8874,61920,463,264,33,583002988,57
160,-100,8862,61920,459,274,25,583003501,57
160,-100,8862,61952,453,283,18,583004011,57
220,-88,8866,61952,457,291,18,583004521,57
220,-88,8866,61936,460,287,23,583005032,57
246,-120,8844,61968,449,284,34,583005542,57
246,-120,8844,61904,434,282,41,583006052,57
212,-108,8868,61936,438,274,46,583006563,57
212,-108,8868,61936,437,273,51,583007075,57
154,-100,8854,61936,443,279,51,583007585,57
154,-100,8854,61904,453,285,46,583008095,57
164,-108,8800,61936,464,288,40,583008606,57
164,-108,8800,61936,471,284,32,583009116,57
230,-92,8778,61904,468,288,28,583009626,57
230,-92,8778,61936,465,297,24,583010137,57
166,-110,8888,61936,461,307,27,583010647,57
166,-110,8888,61936,452,313,35,583011158,57
144,-86,8936,61920,453,309,38,583011668,57
144,-86,8936,61920,461,307,39,583012178,57
196,-80,8886,61952,465,308,44,583012689,57
196,-80,8886,61952,461,298,41,583013199,57
194,-96,8890,61952,455,288,39,583013709,57
194,-96,8890,61920,447,276,30,583014220,57
194,-106,8850,61952,434,272,26,583014730,57
194,-106,8850,61920,432,277,35,583015240,57
172,-94,8820,61920,431,285,44,583015751,57
172,-94,8820,61920,433,290,42,583016261,57
216,-72,8802,61920,439,293,45,583016771,57
216,-72,8802,61920,447,290,46,583017282,57
214,-60,8882,61920,458,282,42,583017792,57
214,-60,8882,61904,458,268,38,583018303,57
166,-100,8852,61936,451,259,34,583018813,57
166,-100,8852,61936,445,260,36,583019323,57
162,-136,8834,61936,446,257,28,583019834,57
162,-136,8834,61936,452,270,23,583020344,57
226,-92,8810,61936,449,289,17,583020854,57
226,-92,8810,61904,451,304,10,583021365,57
212,-64,8826,61936,455,303,7,583021875,57
212,-64,8826,61936,458,291,19,583022386,57
184,-116,8854,61936,457,279,28,583022896,57
184,-116,8854,61936,456,276,31,583023410,57
190,-118,8874,61936,453,275,31,583023921,57
190,-118,8874,61936,445,274,34,583024431,57
234,-66,8828,61920,441,274,29,583024941,57
264,-68,8878,61936,437,299,45,583353682,57
268,-92,8888,61936,435,298,39,583354192,57
268,-92,8888,61904,434,298,32,583354702,57
222,-78,8884,61904,442,301,20,583355213,57
222,-78,8884,61936,450,299,17,583355723,57
206,-56,8844,61920,448,305,18,583356233,57
206,-56,8844,61904,443,306,28,583356744,57
208,-90,8844,61920,439,299,31,583357254,57
208,-90,8844,61936,447,289,32,583357764,57
222,-114,8830,61920,453,266,36,583358275,57
170,-104,8846,61920,459,251,39,583358785,57
170,-104,8846,61920,457,251,44,583359296,57
180,-88,8858,61920,456,261,37,583359806,57
180,-88,8858,61920,453,275,35,583360316,57
256,-112,8884,61920,453,296,35,583360827,57
256,-112,8884,61920,458,306,38,583361337,57
152,-92,8894,61920,462,298,45,583361847,57
152,-92,8894,61904,462,278,35,583362358,57
192,-66,8828,61936,447,264,32,583362868,57
192,-66,8828,61936,446,269,33,583363378,57
230,-66,8782,61936,448,281,35,583363889,57
230,-66,8782,61936,451,295,40,583364399,57
238,-34,8786,61936,446,304,46,583364909,57
238,-34,8786,61904,436,305,50,583365420,57
212,-110,8876,61872,442,306,59,583365930,57
212,-110,8876,61904,454,303,54,583366443,57
194,-118,8886,61936,458,294,49,583366953,57
194,-118,8886,61936,460,286,48,583367463,57
224,-86,8852,61936,461,287,42,583367973,57
224,-86,8852,61920,461,280,36,583368484,57
196,-58,8876,61920,457,275,36,583368998,57
196,-58,8876,61952,454,270,36,583369511,57
164,-68,8818,61920,457,262,34,583370021,57
164,-68,8818,61920,458,269,28,583370531,57
224,-60,8808,61952,456,286,28,583371042,57
224,-60,8808,61888,440,294,32,583371552,57
228,-76,8770,61920,433,290,32,583372068,57
228,-76,8770,61952,440,287,34,583372579,57
146,-92,8842,61920,447,294,41,583373091,57
146,-92,8842,61952,449,300,50,583373601,57
198,-82,8840,61920,458,304,48,583374111,57
198,-82,8840,61936,465,311,34,583374625,57
214,-22,8820,61936,469,307,23,583375136,57
214,-22,8820,61904,466,295,17,583375649,57
210,-38,8862,61968,463,283,14,583376160,57
210,-38,8862,61904,465,278,23,583376670,57
168,-92,8848,61904,464,275,40,583377181,57
168,-92,8848,61904,464,273,55,583377691,57
200,-118,8806,61904,459,279,65,583378201,57
200,-118,8806,61904,450,287,58,583378712,57
280,-112,8880,61904,446,299,47,583379222,57
280,-112,8880,61936,447,299,38,583379733,57
228,-120,8844,61920,454,291,34,583380243,57
228,-120,8844,61936,458,286,45,583380753,57
242,-116,8834,61920,469,286,50,583381264,57
242,-116,8834,61936,466,296,38,583381774,57
200,-86,8912,61920,452,291,31,583382284,57
210,-80,8936,61920,446,282,31,583382795,57
210,-80,8936,61920,447,275,36,583383305,57
192,-96,8878,61888,445,271,48,583383816,57
192,-96,8878,61920,448,271,50,583384326,57
194,-82,8822,61952,445,288,43,583384836,57
194,-82,8822,61920,447,296,32,583385347,57
190,-112,8820,61920,449,293,25,583385857,57
190,-112,8820,61952,447,287,28,583386368,57
220,-104,8852,61936,455,277,29,583386878,57
220,-104,8852,61936,464,277,28,583387388,57
174,-80,8898,61904,474,286,25,583387899,57
174,-80,8898,61936,469,290,17,583388409,57
182,-96,8892,61904,458,297,23,583388919,57
182,-96,8892,61936,463,302,40,583389430,57
236,-86,8858,61936,464,298,47,583389940,57
236,-86,8858,61936,456,286,42,583390450,57
222,-92,8838,61936,456,286,38,583390961,57
222,-92,8838,61904,458,291,41,583391471,57
204,-88,8858,61936,456,294,48,583391981,57
204,-88,8858,61936,454,291,50,583392492,57
222,-56,8924,61936,452,289,40,583393004,57
222,-56,8924,61888,452,286,34,583393514,57
220,-64,8828,61888,454,285,37,583394025,57
220,-64,8828,61952,459,284,35,583394535,57
208,-56,8856,61952,464,284,31,583395045,57
208,-56,8856,61920,471,282,26,583395556,57
188,-108,8840,61920,459,284,28,583396072,57
188,-108,8840,61920,440,289,33,583396582,57
198,-78,8836,61920,435,292,40,583397092,57
198,-78,8836,61888,438,289,42,583397603,57
234,-60,8866,61952,445,285,35,583398113,57
234,-60,8866,61952,457,284,31,583398623,57
216,-94,8910,61920,464,292,43,583399134,57
216,-94,8910,61904,464,302,41,583399648,57
242,-98,8846,61936,460,302,39,583400158,57
242,-98,8846,61936,456,297,38,583400669,57
284,-110,8906,61904,451,284,39,583401179,57
284,-110,8906,61936,459,276,37,583401689,57
264,-64,8942,61904,462,280,36,583402200,57
264,-64,8942,61936,458,282,39,583402710,57
244,-68,8818,61936,445,284,38,583403221,57
244,-68,8818,61936,431,290,34,583403731,57
244,-102,8810,61936,430,301,33,583404241,57
244,-102,8810,61936,434,305,33,583404752,57
268,-96,8910,61936,433,300,31,583405262,57
268,-96,8910,61936,434,301,29,583405772,57
276,-108,8946,61920,433,306,31,583406282,57
276,-108,8946,61904,432,304,30,583406793,57
230,-74,8880,61888,437,292,43,583407303,57
230,-74,8880,61936,442,284,44,583407814,57
208,-8,8824,61888,439,281,43,583408324,57
184,-32,8898,61888,440,281,44,583408834,57
184,-32,8898,61920,438,284,38,583409345,57
228,-82,8866,61952,441,289,27,583409855,57
228,-82,8866,61920,443,296,22,583410365,57
216,-86,8850,61920,447,295,25,583410876,57
216,-86,8850,61920,461,288,37,583411386,57
194,-80,8878,61888,475,283,39,583411896,57
194,-80,8878,61936,471,279,38,583412407,57
208,-98,8888,61936,465,280,35,583412917,57
208,-98,8888,61936,454,285,31,583413428,57
190,-70,8904,61936,448,283,33,583413938,57
190,-70,8904,61904,445,278,33,583414448,57
180,-116,8824,61904,444,282,30,583414959,57
180,-116,8824,61904,446,298,30,583415469,57
220,-74,8836,61936,445,311,27,583415979,57
220,-74,8836,61936,445,314,24,583416490,57
210,-54,8864,61936,456,307,26,583417002,57
210,-54,8864,61904,463,302,26,583417513,57
204,-108,8818,61936,461,293,28,583418027,57
204,-108,8818,61920,463,291,27,583418537,57
206,-126,8854,61952,461,290,37,583419048,57
206,-126,8854,61952,451,285,46,583419558,57
268,-124,8848,61920,450,281,44,583420070,57
216,-102,8870,61904,461,279,34,583764027,57
234,-74,8894,61936,448,291,27,583764537,57
234,-74,8894,61904,443,297,21,583765047,57
212,-62,8872,61936,447,298,13,583765558,57
212,-62,8872,61936,452,289,11,583766070,57
216,-48,8872,61904,456,283,11,583766580,57
216,-48,8872,61904,454,285,16,583767090,57
250,-56,8810,61920,450,289,21,583767601,57
250,-56,8810,61936,446,288,23,583768111,57
184,-62,8870,61920,448,291,28,583768622,57
184,-62,8870,61904,450,291,30,583769132,57
216,-54,8862,61920,446,286,32,583769642,57
252,-84,8862,61920,438,278,40,583770153,57
252,-84,8862,61920,438,273,43,583770663,57
270,-50,8840,61920,444,277,43,583771173,57
270,-50,8840,61920,448,287,43,583771684,57
228,-76,8824,61952,450,295,37,583772194,57
228,-76,8824,61920,449,299,36,583772704,57
216,-84,8826,61920,453,304,41,583773215,57
216,-84,8826,61888,456,306,36,583773725,57
192,-116,8780,61904,451,293,34,583774235,57
192,-116,8780,61904,441,281,30,583774750,57
216,-98,8782,61904,445,277,28,583775260,57
216,-98,8782,61904,446,276,28,583775770,57
212,-140,8858,61904,444,282,23,583776281,57
212,-140,8858,61904,444,286,27,583776791,57
190,-116,8902,61904,450,288,33,583777301,57
190,-116,8902,61936,451,283,38,583777815,57
224,-96,8898,61936,459,283,49,583778326,57
224,-96,8898,61936,457,278,45,583778837,57
184,-78,8884,61936,453,275,29,583779348,57
184,-78,8884,61920,458,271,29,583779858,57
154,-128,8842,61920,465,273,29,583780369,57
154,-128,8842,61888,461,279,31,583780879,57
180,-76,8858,61888,450,292,34,583781389,57
180,-76,8858,61920,454,300,35,583781900,57
240,-64,8900,61952,464,303,35,583782410,57
240,-64,8900,61920,462,305,38,583782920,57
196,-66,8882,61920,467,303,37,583783431,57
196,-66,8882,61920,473,300,33,583783941,57
214,-118,8744,61952,471,291,27,583784452,57
214,-118,8744,61920,460,277,22,583784962,57
256,-58,8794,61920,449,268,21,583785472,57
256,-58,8794,61952,443,270,19,583785983,57
264,-40,8882,61936,444,273,14,583786493,57
264,-40,8882,61904,446,283,11,583787005,57
232,-106,8922,61936,449,293,11,583787516,57
232,-106,8922,61904,450,305,20,583788026,57
180,-88,8928,61904,456,310,28,583788536,57
180,-88,8928,61904,456,309,29,583789047,57
240,-118,8860,61904,450,303,29,583789557,57
240,-118,8860,61936,450,296,34,583790069,57
264,-74,8890,61936,448,284,37,583790579,57
264,-74,8890,61936,453,281,37,583791091,57
172,-40,8898,61968,462,277,39,583791601,57
172,-40,8898,61936,465,272,39,583792111,57
166,-80,8790,61920,455,271,34,583792622,57
166,-80,8790,61936,447,275,26,583793132,57
262,-98,8804,61920,441,285,27,583793642,57
262,-98,8804,61936,441,283,36,583794153,57
192,-108,8874,61952,445,285,46,583794663,57
160,-142,8898,61952,453,290,50,583795173,57
160,-142,8898,61920,459,296,43,583795684,57
204,-92,8864,61920,461,295,39,583796198,57
204,-92,8864,61920,462,292,37,583796708,57
206,-90,8830,61920,466,289,46,583797219,57
206,-90,8830,61888,461,285,48,583797729,57
216,-94,8854,61920,455,285,38,583798240,57
216,-94,8854,61904,450,292,32,583798750,57
192,-136,8844,61904,453,294,37,583799264,57
192,-136,8844,61936,448,299,43,583799774,57
198,-94,8838,61936,435,295,45,583800285,57
198,-94,8838,61904,440,291,37,583800795,57
252,-50,8874,61904,442,283,30,583801306,57
252,-50,8874,61936,440,270,25,583801820,57
188,-86,8884,61904,446,265,19,583802330,57
188,-86,8884,61936,456,268,22,583802844,57
164,-72,8804,61904,451,282,31,583803354,57
164,-72,8804,61936,444,294,34,583803865,57
204,-114,8828,61904,434,292,37,583804375,57
204,-114,8828,61920,431,284,32,583804886,57
194,-62,8862,61920,434,273,40,583805396,57
194,-62,8862,61952,440,268,53,583805906,57
244,-74,8810,61952,446,266,55,583806417,57
244,-74,8810,61952,453,273,45,583806927,57
228,-110,8792,61920,461,287,38,583807437,57
228,-110,8792,61952,457,293,34,583807948,57
228,-96,8798,61920,454,287,30,583808458,57
228,-96,8798,61920,450,284,34,583808968,57
240,-94,8806,61952,442,286,31,583809479,57
240,-94,8806,61952,438,282,29,583809989,57
204,-158,8866,61952,440,283,25,583810502,57
204,-158,8866,61936,443,286,24,583811012,57
224,-152,8886,61936,450,287,30,583811522,57
224,-152,8886,61936,450,285,37,583812032,57
246,-116,8854,61904,446,281,39,583812543,57
246,-116,8854,61936,449,285,31,583813053,57
164,-88,8840,61936,448,287,25,583813563,57
164,-88,8840,61936,446,293,27,583814076,57
156,-40,8816,61936,439,292,30,583814586,57
156,-40,8816,61936,443,291,28,583815096,57
200,-50,8854,61904,445,297,30,583815607,57
200,-50,8854,61936,445,296,30,583816117,57
208,-60,8800,61936,445,288,27,583816627,57
208,-60,8800,61904,447,284,25,583817138,57
192,-92,8868,61920,447,273,27,583817648,57
192,-92,8868,61904,454,272,26,583818158,57
198,-86,8866,61920,447,270,27,583818669,57
198,-86,8866,61936,441,275,35,583819179,57
196,-68,8868,61952,440,278,45,583819689,57
212,-52,8850,61952,435,285,53,583820200,57
212,-52,8850,61920,438,300,54,583820710,57
222,-84,8902,61920,446,306,49,583821220,57
222,-84,8902,61920,454,307,43,583821731,57
272,-144,8868,61920,455,298,37,583822241,57
272,-144,8868,61920,451,285,28,583822751,57
268,-112,8864,61920,452,275,22,583823262,57
268,-112,8864,61936,455,279,26,583823776,57
212,-88,8824,61904,468,277,31,583824286,57
212,-88,8824,61904,460,281,34,583824797,57
174,-86,8848,61904,461,289,37,583825307,57
174,-86,8848,61936,465,298,38,583825817,57
198,-96,8824,61904,453,293,34,584117558,57
198,-96,8824,61936,449,282,39,584118071,57
214,-98,8850,61904,441,271,43,584118581,57
214,-98,8850,61968,440,275,41,584119091,57
142,-156,8832,61936,436,285,33,584119602,57
142,-156,8832,61968,433,287,37,584120112,57
156,-110,8832,61904,431,283,36,584120622,57
156,-110,8832,61904,424,284,34,584121132,57
216,-90,8866,61936,433,290,31,584121643,57
216,-90,8866,61968,450,290,33,584122153,57
192,-62,8836,61936,467,288,41,584122664,57
192,-62,8836,61888,465,281,49,584123174,57
140,-72,8802,61920,458,279,52,584123684,57
140,-72,8802,61920,458,286,50,584124195,57
192,-68,8798,61888,455,296,38,584124705,57
192,-68,8798,61920,451,296,25,584125215,57
252,-54,8854,61920,450,294,14,584125725,57
252,-54,8854,61920,452,287,7,584126236,57
222,-34,8860,61920,450,282,8,584126746,57
222,-34,8860,61952,443,291,13,584127257,57
212,-96,8878,61920,439,296,23,584127767,57
212,-96,8878,61888,447,291,30,584128277,57
174,-148,8912,61888,454,295,39,584128788,57
174,-148,8912,61904,458,293,39,584129298,57
182,-84,8842,61904,459,296,36,584129809,57
182,-84,8842,61904,467,295,28,584130319,57
214,-58,8826,61904,469,296,27,584130829,57
214,-58,8826,61936,463,290,31,584131340,57
236,-114,8844,61904,452,277,40,584131850,57
236,-114,8844,61936,443,265,40,584132360,57
274,-102,8870,61904,435,262,38,584132871,57
274,-102,8870,61904,428,266,32,584133381,57
272,-112,8856,61904,432,276,25,584133892,57
272,-112,8856,61904,436,284,20,584134402,57
216,-126,8890,61904,457,288,19,584134916,57
216,-126,8890,61904,467,287,23,584135426,57
224,-110,8866,61920,474,270,32,584135937,57
224,-110,8866,61936,473,267,32,584136448,57
276,-102,8802,61920,477,278,31,584136959,57
276,-102,8802,61936,475,285,35,584137469,57
260,-104,8798,61920,460,293,42,584137983,57
182,-54,8784,61952,448,296,41,584138494,57
182,-54,8784,61920,442,295,38,584139006,57
190,-56,8826,61888,434,287,41,584139516,57
190,-56,8826,61920,436,284,56,584140027,57
202,-84,8858,61920,442,284,61,584140537,57
202,-84,8858,61920,453,289,53,584141047,57
210,-110,8808,61952,454,293,39,584141558,57
210,-110,8808,61904,459,295,35,584142070,57
176,-122,8800,61904,457,300,38,584142580,57
176,-122,8800,61936,452,301,41,584143091,57
176,-92,8866,61904,445,296,37,584143601,57
176,-92,8866,61936,445,297,31,584144111,57
228,-64,8878,61904,444,296,30,584144622,57
228,-64,8878,61936,438,302,26,584145132,57
172,-72,8824,61904,444,308,30,584145642,57
172,-72,8824,61904,449,303,27,584146153,57
160,-74,8876,61904,455,298,19,584146663,57
160,-74,8876,61936,461,295,18,584147174,57
238,-60,8876,61936,458,285,19,584147684,57
238,-60,8876,61920,457,279,32,584148194,57
220,-58,8830,61952,456,281,36,584148705,57
220,-58,8830,61952,453,288,45,584149215,57
190,-100,8848,61920,447,290,46,584149725,57
190,-100,8848,61888,439,288,42,584150236,57
216,-140,8864,61920,448,286,41,584150746,57
216,-140,8864,61952,450,276,33,584151256,57
226,-98,8826,61920,450,277,24,584151767,57
226,-98,8826,61920,451,284,31,584152277,57
206,-56,8842,61920,455,287,34,584152787,57
206,-56,8842,61920,443,295,30,584153298,57
190,-52,8802,61952,440,298,32,584153808,57
190,-52,8802,61920,439,297,28,584154318,57
192,-92,8866,61904,428,293,17,584154829,57
192,-92,8866,61936,432,291,14,584155339,57
216,-46,8806,61936,439,291,10,584155849,57
216,-46,8806,61936,449,297,4,584156364,57
192,-94,8846,61904,446,299,4,584156874,57
192,-94,8846,61936,444,307,9,584157384,57
214,-122,8898,61936,438,309,14,584157895,57
214,-122,8898,61936,445,309,21,584158405,57
252,-66,8886,61936,441,306,22,584158916,57
252,-66,8886,61904,438,300,25,584159430,57
220,-84,8846,61904,446,294,30,584159940,57
220,-84,8846,61904,448,288,34,584160451,57
172,-86,8858,61920,444,286,31,584160961,57
172,-86,8858,61936,449,290,26,584161471,57
182,-92,8846,61920,464,281,27,584161986,57
182,-92,8846,61904,464,279,32,584162496,57
184,-102,8926,61920,458,283,32,584163011,57
210,-86,8896,61952,450,292,37,584163521,57
210,-86,8896,61920,451,286,45,584164032,57
168,-124,8904,61920,446,280,48,584164542,57
168,-124,8904,61888,445,283,48,584165052,57
192,-102,8832,61888,444,285,40,584165563,57
192,-102,8832,61920,449,278,38,584166075,57
232,-110,8812,61936,458,273,30,584166585,57
232,-110,8812,61936,457,275,23,584167096,57
210,-82,8790,61936,448,277,15,584167606,57
210,-82,8790,61936,446,285,20,584168116,57
200,-100,8790,61936,448,292,26,584168627,57
200,-100,8790,61936,447,304,35,584169137,57
196,-72,8826,61936,449,300,41,584169647,57
196,-72,8826,61936,448,292,41,584170158,57
216,-66,8796,61904,449,297,38,584170668,57
216,-66,8796,61904,456,308,29,584171178,57
208,-46,8830,61904,448,314,28,584171689,57
208,-46,8830,61936,447,307,31,584172199,57
246,-68,8800,61936,448,306,26,584172709,57
246,-68,8800,61952,447,301,33,584173220,57
216,-76,8798,61920,446,290,39,584173730,57
216,-76,8798,61920,447,288,45,584174240,57
188,-82,8812,61920,448,283,52,584174751,57
188,-82,8812,61952,452,282,52,584175261,57
196,-22,8842,61920,453,284,53,584175771,57
196,-22,8842,61952,455,281,57,584176282,57
160,-124,8846,61920,445,289,55,584176792,57
160,-124,8846,61920,435,296,47,584177303,57
196,-86,8842,61952,431,299,34,584177813,57
196,-86,8842,61920,440,296,26,584178323,57
224,-76,8862,61920,449,291,31,584178834,57
224,-76,8862,61936,467,288,26,584179344,57
176,-82,8776,61936,470,289,28,584179854,57
176,-82,8776,61904,467,291,27,584180365,57
178,-92,8784,61872,460,293,25,584180875,57
178,-92,8784,61936,451,293,32,584181385,57
182,-106,8808,61936,440,283,36,584181896,57
182,-106,8808,61904,438,269,38,584182406,57
226,-92,8818,61936,444,262,39,584182916,57
226,-92,8818,61968,445,266,40,584183431,57
240,-80,8804,61936,453,298,29,584459437,57
164,-88,8836,61936,450,297,33,584459947,57
164,-88,8836,61936,449,298,37,584460457,57
224,-92,8844,61936,452,291,35,584460968,57
224,-92,8844,61904,446,283,33,584461478,57
232,-60,8852,61920,442,287,33,584461988,57
232,-60,8852,61952,443,291,43,584462501,57
216,-68,8850,61920,442,293,50,584463011,57
216,-68,8850,61952,440,290,43,584463521,57
206,-132,8796,61920,448,280,37,584464032,57
206,-132,8796,61888,461,275,35,584464542,57
240,-106,8850,61888,458,275,33,584465052,57
240,-106,8850,61888,448,272,32,584465567,57
238,-80,8942,61920,442,274,34,584466079,57
238,-80,8942,61888,449,283,35,584466589,57
206,-74,8898,61888,449,300,41,584467100,57
206,-74,8898,61936,446,306,45,584467610,57
214,-74,8878,61904,445,306,30,584468120,57
214,-74,8878,61936,451,300,23,584468631,57
212,-82,8796,61936,449,293,19,584469145,57
212,-82,8796,61936,440,295,15,584469655,57
188,-144,8812,61936,440,295,12,584470166,57
188,-144,8812,61936,450,288,17,584470676,57
204,-124,8842,61936,452,289,28,584471186,57
204,-124,8842,61904,452,292,35,584471697,57
204,-84,8860,61936,451,292,45,584472207,57
204,-84,8860,61936,454,287,50,584472717,57
200,-78,8862,61936,462,282,42,584473228,57
200,-78,8862,61904,453,282,31,584473738,57
176,-80,8920,61952,450,283,23,584474249,57
176,-80,8920,61936,455,284,16,584474759,57
148,-98,8880,61952,459,282,20,584475269,57
148,-98,8880,61968,455,281,32,584475780,57
170,-128,8834,61920,449,276,41,584476290,57
240,-106,8854,61920,445,277,53,584476800,57
240,-106,8854,61920,447,279,53,584477311,57
174,-168,8872,61920,448,282,52,584477821,57
174,-168,8872,61920,447,291,53,584478331,57
192,-96,8850,61952,457,299,53,584478842,57
192,-96,8850,61984,461,305,54,584479352,57
180,-132,8874,61920,460,301,49,584479862,57
180,-132,8874,61936,460,292,31,584480373,57
172,-60,8862,61936,453,288,25,584480883,57
172,-60,8862,61936,440,290,22,584481393,57
140,-76,8792,61904,440,297,30,584481904,57
140,-76,8792,61904,441,313,45,584482414,57
208,-80,8870,61904,447,318,49,584482924,57
208,-80,8870,61936,453,306,50,584483435,57
222,-108,8900,61936,450,290,54,584483945,57
222,-108,8900,61936,451,282,48,584484455,57
204,-132,8882,61904,461,271,47,584484966,57
204,-132,8882,61936,467,267,41,584485476,57
178,-116,8846,61904,459,266,31,584485986,57
178,-116,8846,61904,454,275,18,584486497,57
216,-112,8796,61888,451,283,24,584487009,57
216,-112,8796,61920,451,286,34,584487523,57
236,-124,8854,61920,446,288,45,584488034,57
236,-124,8854,61920,444,284,46,584488544,57
208,-64,8878,61888,445,284,43,584489054,57
208,-64,8878,61920,449,290,37,584489565,57
168,-80,8910,61920,451,299,31,584490081,57
168,-80,8910,61920,445,299,36,584490591,57
242,-60,8902,61952,449,302,38,584491102,57
242,-60,8902,61920,454,303,36,584491612,57
220,-88,8824,61920,463,300,31,584492122,57
220,-88,8824,61920,463,296,35,584492633,57
204,-50,8866,61936,461,298,53,584493147,57
204,-50,8866,61904,466,293,55,584493657,57
208,-50,8852,61904,465,274,45,584494171,57
208,-50,8852,61904,456,264,34,584494681,57
250,-80,8854,61904,455,252,23,584495191,57
250,-80,8854,61936,456,247,18,584495702,57
200,-46,8800,61936,451,259,23,584496212,57
200,-46,8800,61872,441,280,32,584496723,57
188,-64,8796,61936,437,288,40,584497233,57
188,-64,8796,61904,431,286,48,584497743,57
150,-64,8842,61936,432,283,51,584498254,57
150,-64,8842,61936,438,283,47,584498764,57
208,-64,8848,61920,448,287,45,584499274,57
208,-64,8848,61904,452,285,49,584499785,57
208,-48,8786,61920,465,281,50,584500295,57
208,-48,8786,61904,465,276,41,584500806,57
156,-84,8792,61920,454,264,29,584501316,57
182,-94,8924,61920,451,256,22,584501826,57
182,-94,8924,61920,452,261,21,584502337,57
234,-70,8906,61920,448,274,29,584502847,57
234,-70,8906,61920,460,288,32,584503357,57
222,-72,8822,61952,471,293,37,584503868,57
222,-72,8822,61952,469,302,43,584504378,57
202,-88,8822,61920,461,304,46,584504888,57
202,-88,8822,61936,461,303,41,584505399,57
240,-74,8840,61936,461,297,39,584505909,57
240,-74,8840,61936,456,287,39,584506419,57
228,-102,8876,61936,459,276,43,584506930,57
228,-102,8876,61936,459,269,44,584507442,57
164,-68,8836,61904,455,261,43,584507952,57
164,-68,8836,61904,446,261,36,584508463,57
222,-32,8870,61904,441,270,27,584508973,57
222,-32,8870,61904,441,278,25,584509483,57
240,-96,8852,61936,445,280,25,584509994,57
240,-96,8852,61904,442,272,28,584510506,57
202,-82,8896,61936,442,264,28,584511016,57
202,-82,8896,61952,443,267,34,584511531,57
168,-88,8854,61920,451,275,32,584512041,57
168,-88,8854,61920,450,291,36,584512551,57
186,-138,8866,61920,444,301,36,584513063,57
186,-138,8866,61952,439,307,34,584513574,57
250,-106,8880,61920,446,304,33,584514086,57
250,-106,8880,61888,455,293,35,584514600,57
208,-98,8888,61920,463,278,42,584515110,57
208,-98,8888,61920,460,273,42,584515621,57
216,-104,8864,61920,460,262,34,584516131,57
216,-104,8864,61920,454,252,27,584516641,57
262,-94,8910,61904,449,257,21,584517156,57
262,-94,8910,61936,440,271,28,584517666,57
234,-82,8942,61936,442,289,40,584518180,57
234,-82,8942,61904,452,298,41,584518690,57
184,-54,8896,61936,458,300,34,584519201,57
184,-54,8896,61936,458,296,28,584519711,57
204,-98,8928,61936,458,283,30,584520222,57
204,-98,8928,61936,458,280,35,584520732,57
238,-96,8838,61904,459,288,41,584521242,57
238,-96,8838,61904,456,296,36,584521753,57
204,-28,8852,61968,446,297,32,584522263,57
204,-28,8852,61936,450,295,25,584522773,57
156,-26,8836,61936,462,298,23,584523284,57
156,-26,8836,61904,471,294,29,584523794,57
188,-60,8924,61920,463,288,29,584524304,57
188,-60,8924,61936,454,285,29,584524815,57
232,-74,8792,61920,454,295,50,584778525,57
232,-74,8792,61904,461,300,57,584779035,57
260,-44,8792,61952,458,312,57,584779546,57
260,-44,8792,61936,452,313,53,584780056,57
196,-80,8814,61920,443,302,39,584780566,57
208,-106,8866,61952,442,282,31,584781078,57
208,-106,8866,61920,447,272,33,584781589,57
256,-98,8878,61888,451,269,42,584782099,57
256,-98,8878,61888,461,261,39,584782610,57
244,-82,8902,61952,459,264,35,584783120,57
244,-82,8902,61952,457,271,25,584783630,57
232,-98,8800,61952,456,283,18,584784141,57
232,-98,8800,61936,451,291,19,584784651,57
192,-78,8866,61936,456,293,21,584785161,57
192,-78,8866,61936,458,292,28,584785672,57
220,-84,8782,61936,457,298,33,584786182,57
220,-84,8782,61904,457,303,33,584786692,57
226,-110,8820,61936,452,296,30,584787203,57
226,-110,8820,61904,446,293,32,584787717,57
186,-134,8902,61936,445,285,30,584788229,57
186,-134,8902,61936,443,275,21,584788739,57
236,-112,8892,61904,446,266,20,584789250,57
236,-112,8892,61936,452,262,22,584789760,57
280,-64,8870,61904,457,263,32,584790270,57
280,-64,8870,61936,456,271,40,584790781,57
170,-80,8910,61920,452,284,42,584791295,57
170,-80,8910,61920,451,285,40,584791805,57
162,-72,8838,61920,444,281,35,584792316,57
162,-72,8838,61952,440,281,35,584792826,57
244,-66,8812,61920,439,283,31,584793337,57
244,-66,8812,61920,450,281,27,584793847,57
278,-106,8860,61952,456,282,19,584794357,57
278,-106,8860,61952,454,285,18,584794868,57
216,-108,8894,61920,454,290,30,584795378,57
216,-108,8894,61888,460,300,47,584795888,57
196,-92,8898,61920,466,297,58,584796399,57
196,-92,8898,61920,464,289,58,584796909,57
178,-82,8896,61936,452,281,46,584797420,57
178,-82,8896,61968,440,285,34,584797930,57
182,-84,8894,61904,431,295,33,584798442,57
182,-84,8894,61904,423,301,23,584798953,57
164,-102,8870,61904,426,311,18,584799463,57
164,-102,8870,61936,441,320,26,584799973,57
180,-126,8910,61936,448,310,40,584800484,57
180,-126,8910,61936,453,293,45,584800994,57
252,-114,8798,61936,455,270,37,584801506,57
252,-114,8798,61936,462,250,37,584802017,57
222,-112,8808,61936,468,251,41,584802527,57
222,-112,8808,61968,455,270,46,584803037,57
196,-94,8844,61920,447,295,53,584803548,57
196,-94,8844,61936,451,298,50,584804058,57
222,-70,8904,61920,458,298,39,584804568,57
222,-70,8904,61936,459,299,37,584805080,57
248,-142,8818,61920,458,306,43,584805591,57
196,-106,8800,61952,459,304,41,584806101,57
196,-106,8800,61920,469,301,39,584806611,57
144,-102,8852,61952,481,294,34,584807122,57
144,-102,8852,61920,481,287,32,584807632,57
172,-126,8890,61952,465,286,33,584808143,57
172,-126,8890,61920,455,283,41,584808653,57
210,-98,8828,61920,460,281,49,584809163,57
210,-98,8828,61904,469,288,43,584809677,57
156,-90,8862,61904,473,291,36,584810188,57
156,-90,8862,61936,470,288,37,584810698,57
150,-106,8834,61968,464,286,36,584811208,57
150,-106,8834,61968,455,283,32,584811719,57
188,-76,8832,61904,450,276,27,584812233,57
188,-76,8832,61936,452,274,22,584812743,57
254,-40,8872,61936,450,272,23,584813253,57
254,-40,8872,61936,443,280,23,584813764,57
244,-68,8828,61904,440,289,20,584814274,57
244,-68,8828,61904,441,300,16,584814784,57
214,-64,8832,61936,442,305,9,584815299,57
214,-64,8832,61952,443,305,9,584815809,57
296,-60,8878,61952,448,297,29,584816322,57
296,-60,8878,61920,455,290,35,584816833,57
228,-86,8818,61920,470,285,37,584817343,57
228,-86,8818,61920,470,281,43,584817853,57
136,-88,8846,61920,463,280,45,584818364,57
136,-88,8846,61920,461,284,39,584818874,57
186,-94,8850,61888,463,287,36,584819384,57
186,-94,8850,61888,466,290,25,584819895,57
200,-92,8886,61920,458,284,23,584820405,57
200,-92,8886,61920,449,275,33,584820915,57
190,-110,8932,61920,454,274,35,584821426,57
190,-110,8932,61936,459,286,31,584821936,57
202,-110,8888,61936,463,285,25,584822448,57
202,-110,8888,61936,453,291,26,584822959,57
180,-100,8814,61936,451,297,32,584823469,57
180,-100,8814,61936,451,292,36,584823979,57
208,-122,8818,61904,455,287,41,584824490,57
208,-122,8818,61936,459,286,42,584825002,57
194,-114,8858,61936,466,289,44,584825513,57
194,-114,8858,61936,462,286,54,584826023,57
252,-64,8876,61968,449,283,58,584826533,57
252,-64,8876,61936,439,274,53,584827044,57
268,-64,8862,61936,439,266,46,584827554,57
268,-64,8862,61936,450,272,34,584828066,57
226,-62,8804,61952,460,283,17,584828576,57
226,-62,8804,61904,457,282,21,584829088,57
212,-66,8834,61920,459,289,32,584829599,57
212,-66,8834,61936,454,294,40,584830109,57
212,-74,8876,61920,446,297,40,584830619,57
220,-98,8818,61952,450,294,28,584831130,57
220,-98,8818,61920,456,294,25,584831640,57
166,-86,8840,61952,456,290,37,584832151,57
166,-86,8840,61920,452,284,43,584832661,57
146,-92,8842,61920,456,279,44,584833171,57
146,-92,8842,61952,459,278,39,584833685,57
246,-90,8824,61952,460,278,33,584834196,57
246,-90,8824,61936,458,283,38,584834706,57
268,-62,8796,61936,467,286,43,584835216,57
268,-62,8796,61936,468,287,43,584835727,57
206,-118,8804,61936,473,295,34,584836237,57
206,-118,8804,61904,473,303,34,584836752,57
212,-124,8872,61904,468,305,28,584837262,57
212,-124,8872,61936,460,299,24,584837772,57
206,-98,8814,61936,455,295,24,584838282,57
206,-98,8814,61936,451,289,19,584838793,57
172,-92,8852,61936,445,287,20,584839307,57
172,-92,8852,61936,445,288,29,584839817,57
160,-90,8806,61920,444,280,38,584840331,57
160,-90,8806,61920,444,276,50,584840842,57
162,-140,8784,61920,448,269,49,584841352,57
162,-140,8784,61920,456,278,39,584841862,57
256,-74,8828,61952,464,293,43,584842373,57
256,-74,8828,61920,462,302,47,584842883,57
236,-40,8834,61920,452,305,45,584843393,57
236,-40,8834,61920,447,307,53,584843904,57
192,-104,8854,61920,461,277,30,585100149,57
232,-112,8812,61920,475,272,19,585100659,57
232,-112,8812,61920,488,272,18,585101170,57
256,-92,8844,61904,483,285,26,585101680,57
256,-92,8844,61904,474,290,25,585102190,57
248,-102,8832,61936,464,290,21,585102701,57
248,-102,8832,61936,451,296,11,585103211,57
258,-112,8864,61904,437,294,10,585103721,57
258,-112,8864,61936,426,288,16,585104232,57
198,-132,8850,61904,431,288,27,585104742,57
198,-132,8850,61936,439,293,32,585105253,57
192,-90,8850,61936,450,295,28,585105763,57
192,-90,8850,61936,467,295,23,585106273,57
202,-76,8834,61904,472,292,21,585106784,57
202,-76,8834,61872,467,277,21,585107294,57
234,-112,8816,61904,460,259,16,585107804,57
234,-112,8816,61968,454,247,12,585108315,57
200,-74,8842,61952,445,250,20,585108825,57
200,-74,8842,61936,442,255,36,585109335,57
196,-106,8768,61888,441,277,46,585109846,57
192,-150,8790,61920,446,286,49,585110360,57
192,-150,8790,61952,449,301,44,585110871,57
176,-122,8846,61920,444,304,45,585111381,57
176,-122,8846,61952,441,296,40,585111891,57
172,-66,8864,61920,443,289,36,585112401,57
172,-66,8864,61920,454,287,39,585112912,57
174,-72,8856,61920,457,288,39,585113426,57
174,-72,8856,61952,454,283,37,585113936,57
248,-70,8822,61904,458,282,33,585114449,57
248,-70,8822,61936,465,278,23,585114960,57
200,-140,8802,61936,464,271,23,585115470,57
200,-140,8802,61936,462,268,26,585115981,57
164,-134,8878,61904,453,272,29,585116491,57
164,-134,8878,61904,442,276,28,585117003,57
256,-80,8888,61936,441,282,29,585117514,57
256,-80,8888,61904,432,293,28,585118024,57
248,-20,8814,61904,423,294,40,585118534,57
248,-20,8814,61936,429,288,47,585119045,57
208,-40,8846,61904,436,281,50,585119555,57
208,-40,8846,61936,447,276,44,585120067,57
160,-102,8842,61920,456,273,36,585120577,57
160,-102,8842,61920,460,274,39,585121089,57
184,-76,8866,61952,463,277,42,585121600,57
184,-76,8866,61920,462,288,42,585122110,57
248,-64,8890,61952,448,298,29,585122620,57
248,-64,8890,61920,443,307,10,585123131,57
198,-88,8858,61920,447,301,2,585123641,57
198,-88,8858,61920,454,300,11,585124151,57
156,-80,8908,61920,456,300,27,585124662,57
156,-80,8908,61920,455,284,36,585125172,57
222,-112,8920,61920,452,277,42,585125682,57
222,-112,8920,61952,453,280,43,585126193,57
222,-68,8862,61968,445,288,42,585126703,57
222,-68,8862,61904,448,293,36,585127214,57
162,-54,8812,61936,458,294,26,585127724,57
162,-54,8812,61936,460,295,25,585128234,57
158,-88,8908,61904,454,295,27,585128745,57
158,-88,8908,61936,452,294,31,585129255,57
208,-88,8870,61936,445,293,39,585129765,57
208,-88,8870,61936,440,294,45,585130276,57
240,-64,8878,61936,445,292,53,585130786,57
240,-64,8878,61968,440,290,50,585131296,57
156,-112,8916,61936,439,287,41,585131811,57
156,-112,8916,61936,447,291,36,585132321,57
198,-132,8886,61904,452,293,38,585132832,57
198,-132,8886,61904,454,293,40,585133342,57
250,-80,8834,61952,462,287,43,585133852,57
250,-80,8834,61936,459,287,39,585134363,57
194,-66,8846,61920,450,278,32,585134877,57
224,-72,8912,61920,443,273,29,585135387,57
224,-72,8912,61952,442,271,30,585135898,57
240,-114,8880,61952,448,277,36,585136408,57
240,-114,8880,61920,448,279,42,585136918,57
184,-142,8868,61952,444,278,43,585137432,57
184,-142,8868,61920,447,277,45,585137943,57
138,-142,8904,61920,457,279,39,585138457,57
138,-142,8904,61904,459,290,38,585138967,57
152,-112,8932,61904,455,295,40,585139478,57
152,-112,8932,61936,460,298,37,585139988,57
192,-80,8846,61936,455,290,38,585140501,57
192,-80,8846,61968,443,271,42,585141011,57
228,-102,8812,61936,432,263,36,585141521,57
228,-102,8812,61936,432,268,27,585142032,57
166,-102,8830,61936,441,276,19,585142542,57
166,-102,8830,61904,448,287,15,585143052,57
200,-78,8870,61936,445,294,20,585143563,57
200,-78,8870,61936,439,291,34,585144075,57
252,-110,8828,61936,439,286,45,585144585,57
252,-110,8828,61920,440,277,58,585145096,57
248,-102,8862,61952,438,284,47,585145606,57
248,-102,8862,61920,441,288,38,585146116,57
172,-126,8802,61920,449,286,38,585146627,57
172,-126,8802,61920,448,283,33,585147137,57
232,-160,8784,61920,444,275,27,585147647,57
232,-160,8784,61920,449,272,30,585148158,57
196,-132,8822,61920,463,281,34,585148668,57
196,-132,8822,61952,462,285,34,585149178,57
176,-132,8810,61952,453,278,38,585149689,57
176,-132,8810,61952,445,275,41,585150199,57
190,-112,8826,61920,453,282,43,585150709,57
190,-112,8826,61952,462,292,42,585151220,57
234,-86,8804,61936,463,300,38,585151730,57
234,-86,8804,61936,463,304,33,585152240,57
236,-108,8822,61904,465,299,36,585152751,57
236,-108,8822,61904,471,294,33,585153261,57
222,-102,8806,61904,463,287,26,585153771,57
222,-102,8806,61904,444,287,31,585154282,57
178,-82,8866,61904,443,286,36,585154792,57
178,-82,8866,61936,440,283,37,585155303,57
220,-82,8814,61904,441,286,38,585155813,57
220,-82,8814,61936,438,290,38,585156323,57
180,-56,8840,61936,443,286,41,585156834,57
180,-56,8840,61936,458,279,47,585157344,57
172,-64,8788,61904,467,277,47,585157854,57
172,-64,8788,61904,473,280,45,585158365,57
196,-68,8822,61952,472,277,31,585158879,57
196,-68,8822,61968,465,279,24,585159390,57
224,-74,8868,61952,453,287,23,585159901,57
252,-88,8896,61952,445,287,27,585160411,57
252,-88,8896,61952,447,294,35,585160921,57
182,-104,8866,61888,448,297,40,585161432,57
182,-104,8866,61952,448,294,47,585161942,57
192,-82,8862,61920,449,280,47,585162456,57
192,-82,8862,61920,450,279,40,585162967,57
212,-88,8886,61952,456,286,35,585163477,57
212,-88,8886,61904,456,294,38,585163987,57
168,-84,8850,61936,443,300,36,585164500,57
168,-84,8850,61936,438,307,34,585165011,57
112,-80,8804,61936,434,305,33,585165521,57
200,-68,8894,61904,452,282,22,585440519,57
200,-66,8872,61904,448,287,35,585441029,57
200,-66,8872,61904,447,288,46,585441539,57
224,-86,8848,61936,446,291,50,585442050,57
224,-86,8848,61936,440,288,44,585442560,57
212,-64,8806,61936,442,285,40,585443072,57
212,-64,8806,61904,441,291,33,585443587,57
202,-40,8838,61904,450,290,31,585444097,57
202,-40,8838,61936,461,278,31,585444607,57
220,-90,8838,61920,468,270,32,585445118,57
220,-90,8838,61936,462,273,29,585445628,57
204,-108,8812,61920,452,287,25,585446138,57
204,-108,8812,61936,452,294,35,585446649,57
224,-154,8866,61920,459,294,48,585447159,57
250,-130,8860,61920,462,288,50,585447670,57
250,-130,8860,61952,470,278,46,585448180,57
180,-90,8912,61888,471,281,49,585448690,57
180,-90,8912,61888,472,295,49,585449200,57
226,-86,8892,61952,468,306,44,585449711,57
226,-86,8892,61920,458,294,34,585450221,57
196,-60,8850,61920,445,271,32,585450732,57
196,-60,8850,61920,437,271,35,585451242,57
198,-134,8846,61904,448,280,25,585451752,57
198,-134,8846,61904,464,288,28,585452262,57
204,-174,8886,61936,463,292,35,585452773,57
204,-174,8886,61904,465,302,40,585453283,57
256,-116,8886,61936,464,306,52,585453793,57
256,-116,8886,61904,451,298,61,585454304,57
188,-70,8788,61936,447,288,56,585454814,57
188,-70,8788,61936,443,280,50,585455325,57
166,-94,8810,61936,436,274,38,585455835,57
166,-94,8810,61936,424,271,28,585456345,57
234,-132,8796,61968,423,278,27,585456856,57
234,-132,8796,61936,437,286,28,585457366,57
280,-112,8772,61888,461,284,36,585457876,57
280,-112,8772,61920,477,287,40,585458387,57
206,-128,8820,61920,475,291,36,585458897,57
206,-128,8820,61920,456,299,30,585459407,57
174,-114,8876,61920,438,311,26,585459918,57
174,-114,8876,61920,429,318,31,585460428,57
180,-88,8864,61920,424,313,34,585460938,57
180,-88,8864,61952,434,306,38,585461449,57
248,-78,8874,61920,436,299,42,585461963,57
248,-78,8874,61920,439,291,43,585462474,57
204,-76,8804,61920,444,289,38,585462984,57
204,-76,8804,61920,456,289,44,585463495,57
208,-112,8844,61904,468,290,42,585464007,57
208,-112,8844,61936,467,278,43,585464521,57
192,-96,8888,61904,465,266,46,585465032,57
192,-96,8888,61968,459,269,37,585465542,57
240,-56,8874,61936,447,274,35,585466052,57
240,-56,8874,61936,440,279,32,585466562,57
240,-140,8846,61936,431,289,31,585467075,57
240,-140,8846,61968,429,301,29,585467589,57
234,-110,8860,61936,431,307,25,585468099,57
234,-110,8860,61904,432,310,24,585468610,57
260,-118,8812,61904,430,307,27,585469120,57
260,-118,8812,61904,433,298,28,585469631,57
222,-104,8838,61920,437,290,29,585470141,57
222,-104,8838,61936,433,287,29,585470651,57
196,-84,8890,61920,436,291,30,585471162,57
196,-84,8890,61936,442,292,35,585471672,57
220,-34,8908,61920,448,282,41,585472183,57
244,-130,8844,61920,450,275,45,585472693,57
244,-130,8844,61920,455,278,48,585473203,57
196,-98,8816,61920,461,277,49,585473713,57
196,-98,8816,61920,465,282,48,585474224,57
136,-142,8818,61920,458,288,44,585474734,57
136,-142,8818,61920,449,281,35,585475244,57
166,-82,8858,61952,437,271,31,585475755,57
166,-82,8858,61920,426,276,31,585476265,57
260,-94,8900,61904,425,280,29,585476776,57
260,-94,8900,61936,441,277,31,585477286,57
222,-66,8894,61936,450,272,31,585477796,57
222,-66,8894,61904,455,275,31,585478307,57
176,-76,8814,61936,459,272,31,585478817,57
176,-76,8814,61936,460,274,26,585479328,57
236,-58,8858,61936,459,276,11,585479838,57
236,-58,8858,61936,456,279,13,585480348,57
216,-68,8890,61936,464,284,25,585480859,57
216,-68,8890,61936,456,287,46,585481369,57
230,-66,8872,61904,447,288,52,585481879,57
230,-66,8872,61936,447,293,45,585482390,57
178,-96,8840,61920,447,292,36,585482900,57
178,-96,8840,61952,448,293,32,585483411,57
180,-82,8862,61952,448,297,26,585483921,57
180,-82,8862,61920,455,297,33,585484431,57
228,-126,8862,61920,464,296,24,585484941,57
228,-126,8862,61920,461,291,17,585485452,57
230,-136,8898,61952,466,290,18,585485962,57
230,-136,8898,61920,466,286,22,585486473,57
168,-108,8930,61920,452,287,28,585486983,57
168,-108,8930,61920,445,287,33,585487493,57
248,-80,8978,61920,443,285,39,585488006,57
248,-80,8978,61920,443,280,43,585488516,57
220,-72,8890,61936,445,280,37,585489030,57
220,-72,8890,61936,448,283,31,585489541,57
172,-100,8802,61936,443,293,32,585490051,57
172,-100,8802,61936,437,296,31,585490561,57
212,-142,8794,61904,439,294,36,585491073,57
212,-142,8794,61904,444,289,42,585491584,57
254,-114,8790,61936,441,281,44,585492094,57
254,-114,8790,61936,437,268,41,585492608,57
166,-76,8860,61936,437,261,35,585493119,57
166,-76,8860,61936,440,270,39,585493629,57
182,-130,8858,61904,442,282,43,585494140,57
182,-130,8858,61936,447,296,41,585494650,57
208,-112,8912,61920,455,295,37,585495160,57
208,-112,8912,61936,449,288,29,585495671,57
242,-66,8880,61920,451,292,35,585496181,57
242,-66,8880,61904,459,296,41,585496691,57
246,-102,8850,61920,464,289,48,585497202,57
206,-110,8792,61920,458,280,51,585497712,57
206,-110,8792,61920,448,271,47,585498223,57
264,-10,8866,61920,447,265,41,585498733,57
264,-10,8866,61920,446,266,36,585499243,57
212,-6,8838,61920,448,282,23,585499754,57
212,-6,8838,61920,447,294,14,585500264,57
212,-112,8822,61920,445,288,17,585500774,57
212,-112,8822,61920,444,278,17,585501285,57
226,-134,8880,61936,447,272,24,585501795,57
226,-134,8880,61936,451,274,23,585502306,57
224,-88,8906,61936,446,276,23,585502816,57
224,-88,8906,61936,455,280,26,585503326,57
198,-132,8836,61904,457,284,27,585503837,57
198,-132,8836,61936,451,287,29,585504347,57
212,-82,8848,61936,441,285,36,585504858,57
212,-82,8848,61904,435,275,39,585505368,57
224,-34,8790,61936,439,268,38,585505878,57
202,-76,8876,61920,450,276,37,585832573,57
192,-166,8814,61888,459,274,34,585833085,57
192,-166,8814,61920,460,285,29,585833595,57
218,-128,8776,61920,456,292,20,585834106,57
218,-128,8776,61904,453,296,26,585834616,57
220,-108,8762,61936,453,290,35,585835126,57
220,-108,8762,61936,455,272,38,585835637,57
190,-108,8828,61904,448,268,39,585836151,57
190,-108,8828,61936,449,270,32,585836661,57
204,-124,8792,61936,453,282,27,585837172,57
204,-124,8792,61936,453,286,25,585837682,57
198,-102,8792,61936,453,288,23,585838192,57
198,-102,8792,61936,451,292,32,585838707,57
258,-84,8808,61904,453,287,35,585839217,57
258,-84,8808,61904,449,282,24,585839727,57
234,-104,8810,61920,441,275,24,585840238,57
234,-104,8810,61952,437,269,34,585840748,57
186,-64,8794,61920,441,273,41,585841258,57
186,-64,8794,61920,440,280,44,585841772,57
198,-68,8808,61952,445,289,45,585842283,57
198,-68,8808,61920,441,288,41,585842797,57
234,-72,8886,61952,436,292,40,585843307,57
234,-72,8886,61952,439,297,39,585843817,57
186,-108,8888,61920,447,299,38,585844328,57
186,-108,8888,61920,454,295,32,585844838,57
206,-124,8870,61888,463,293,27,585845348,57
206,-124,8870,61920,467,295,26,585845859,57
242,-78,8798,61936,456,303,18,585846369,57
242,-78,8798,61936,442,302,13,585846880,57
196,-64,8846,61936,446,293,13,585847390,57
196,-64,8846,61904,453,284,13,585847900,57
162,-104,8846,61936,461,277,24,585848411,57
162,-104,8846,61936,463,275,30,585848921,57
218,-92,8826,61936,453,284,31,585849432,57
218,-92,8826,61904,446,289,30,585849942,57
262,-84,8818,61904,450,288,34,585850452,57
262,-84,8818,61904,454,285,35,585850963,57
188,-80,8862,61936,457,281,35,585851473,57
188,-80,8862,61936,459,283,31,585851983,57
168,-102,8880,61936,460,289,25,585852494,57
168,-102,8880,61904,456,289,26,585853006,57
180,-94,8794,61952,451,288,33,585853516,57
180,-94,8794,61936,446,284,41,585854027,57
204,-44,8806,61920,444,285,52,585854537,57
164,-86,8850,61952,448,288,53,585855047,57
164,-86,8850,61888,441,290,52,585855558,57
180,-122,8800,61952,436,296,45,585856070,57
180,-122,8800,61952,439,304,44,585856580,57
204,-84,8778,61952,444,304,48,585857090,57
204,-84,8778,61920,446,295,51,585857601,57
198,-62,8800,61920,443,280,52,585858111,57
198,-62,8800,61920,439,269,46,585858621,57
176,-70,8852,61904,433,274,37,585859132,57
176,-70,8852,61904,434,288,40,585859642,57
234,-76,8804,61936,438,292,37,585860156,57
234,-76,8804,61904,443,286,35,585860666,57
266,-84,8864,61936,446,276,32,585861177,57
266,-84,8864,61936,455,277,24,585861687,57
238,-106,8816,61936,461,282,23,585862197,57
238,-106,8816,61936,469,293,26,585862708,57
208,-110,8778,61904,473,305,25,585863222,57
208,-110,8778,61904,471,307,25,585863732,57
200,-118,8748,61936,460,298,29,585864243,57
200,-118,8748,61936,460,293,36,585864753,57
208,-94,8766,61920,469,287,51,585865263,57
208,-94,8766,61920,469,286,56,585865773,57
154,-58,8826,61952,464,277,44,585866284,57
154,-58,8826,61920,456,272,35,585866798,57
196,-60,8800,61888,445,266,29,585867308,57
196,-60,8800,61920,442,272,37,585867819,57
210,-50,8808,61920,445,283,36,585868329,57
210,-50,8808,61920,450,293,34,585868839,57
230,-74,8852,61920,463,292,37,585869350,57
230,-74,8852,61920,471,279,42,585869860,57
196,-98,8836,61920,469,273,47,585870371,57
196,-98,8836,61952,465,276,51,585870881,57
186,-90,8774,61920,456,278,48,585871392,57
186,-90,8774,61904,446,280,47,585871902,57
236,-116,8814,61904,451,282,39,585872412,57
236,-116,8814,61904,451,285,34,585872923,57
228,-134,8818,61936,454,291,34,585873433,57
228,-134,8818,61936,455,290,35,585873943,57
182,-116,8872,61936,451,298,42,585874454,57
182,-116,8872,61904,454,306,50,585874964,57
212,-66,8892,61936,461,301,49,585875475,57
212,-66,8892,61904,461,290,44,585875985,57
238,-66,8804,61904,454,284,42,585876495,57
238,-66,8804,61936,450,283,43,585877008,57
180,-66,8830,61904,451,278,50,585877518,57
180,-66,8830,61904,444,272,47,585878028,57
160,-64,8826,61920,450,266,39,585878538,57
160,-64,8826,61904,455,268,36,585879049,57
220,-96,8864,61952,451,275,33,585879559,57
256,-90,8882,61888,446,276,35,585880071,57
256,-90,8882,61920,443,278,32,585880582,57
196,-84,8872,61920,441,279,24,585881092,57
196,-84,8872,61888,440,281,24,585881602,57
206,-78,8842,61920,444,287,24,585882113,57
206,-78,8842,61920,446,287,31,585882623,57
224,-122,8802,61920,456,277,48,585883133,57
224,-122,8802,61920,462,276,52,585883644,57
200,-120,8824,61904,465,279,47,585884154,57
200,-120,8824,61904,466,284,38,585884665,57
164,-108,8852,61936,469,289,29,585885176,57
164,-108,8852,61936,470,295,20,585885686,57
200,-90,8828,61936,460,294,27,585886197,57
200,-90,8828,61936,449,284,32,585886707,57
250,-42,8828,61936,440,270,35,585887218,57
250,-42,8828,61936,440,265,35,585887732,57
256,-96,8846,61936,447,268,35,585888242,57
256,-96,8846,61904,441,281,33,585888753,57
200,-110,8846,61904,447,292,35,585889263,57
200,-110,8846,61904,457,296,48,585889773,57
164,-106,8886,61936,468,292,58,585890284,57
164,-106,8886,61920,475,282,59,585890798,57
244,-98,8874,61920,472,268,47,585891308,57
244,-98,8874,61920,467,271,36,585891822,57
220,-78,8806,61952,454,275,33,585892332,57
220,-78,8806,61952,445,281,34,585892842,57
210,-100,8804,61952,446,291,28,585893353,57
210,-100,8804,61920,444,291,30,585893863,57
274,-164,8852,61920,448,284,35,585894374,57
274,-164,8852,61888,452,274,30,585894884,57
260,-100,8786,61920,456,274,35,585895394,57
260,-100,8786,61952,463,281,32,585895905,57
212,-106,8832,61920,462,281,29,585896415,57
212,-106,8832,61936,465,289,23,585896925,57
196,-104,8802,61936,467,293,18,585897436,57
196,-104,8802,61872,464,286,23,585897946,57
180,-54,8826,61888,454,289,31,586164840,57
122,-94,8830,61920,450,283,34,586165351,57
122,-94,8830,61952,441,277,38,586165861,57
184,-112,8828,61920,435,274,38,586166376,57
184,-112,8828,61920,440,273,31,586166886,57
234,-82,8832,61920,450,280,27,586167396,57
234,-82,8832,61952,454,284,25,586167907,57
198,-72,8842,61920,452,278,25,586168417,57
198,-72,8842,61904,456,278,37,586168931,57
200,-64,8820,61904,462,276,40,586169444,57
200,-64,8820,61936,452,276,34,586169957,57
234,-66,8832,61904,438,274,24,586170468,57
234,-66,8832,61968,429,274,14,586170978,57
216,-108,8904,61904,426,274,4,586171489,57
216,-108,8904,61904,427,275,6,586171999,57
166,-108,8814,61904,432,276,8,586172511,57
166,-108,8814,61936,458,276,21,586173022,57
204,-72,8750,61904,476,274,27,586173532,57
204,-72,8750,61936,468,273,35,586174042,57
238,-68,8770,61952,453,281,38,586174552,57
238,-68,8770,61920,454,285,30,586175065,57
240,-106,8778,61920,465,285,20,586175575,57
240,-106,8778,61920,471,284,21,586176087,57
164,-104,8790,61920,466,279,35,586176597,57
164,-104,8790,61920,464,272,43,586177108,57
168,-56,8882,61920,459,272,41,586177618,57
168,-56,8882,61888,449,269,40,586178128,57
232,-98,8806,61952,443,273,38,586178639,57
232,-98,8806,61920,443,281,35,586179149,57
228,-74,8798,61920,453,285,33,586179659,57
228,-74,8798,61920,454,293,24,586180170,57
214,-66,8790,61920,449,295,18,586180680,57
214,-66,8790,61904,442,298,24,586181190,57
244,-86,8794,61904,448,301,18,586181701,57
244,-86,8794,61968,443,299,13,586182211,57
206,-92,8816,61904,440,293,15,586182721,57
206,-92,8816,61904,440,282,21,586183232,57
202,-94,8822,61904,442,269,35,586183742,57
202,-94,8822,61904,448,270,43,586184252,57
224,-88,8858,61936,447,275,46,586184763,57
224,-88,8858,61904,436,284,50,586185273,57
244,-72,8826,61936,431,291,50,586185783,57
244,-72,8826,61936,437,295,39,586186294,57
198,-88,8850,61904,440,304,31,586186804,57
198,-88,8850,61904,432,302,17,586187318,57
180,-118,8886,61920,436,298,13,586187829,57
180,-118,8886,61936,445,298,15,586188339,57
206,-76,8870,61920,458,295,15,586188849,57
206,-76,8870,61904,461,293,23,586189360,57
234,-56,8824,61952,461,290,39,586189870,57
196,-40,8850,61920,461,290,37,586190384,57
196,-40,8850,61920,457,281,43,586190895,57
196,-66,8826,61952,456,275,38,586191405,57
196,-66,8826,61920,451,273,41,586191915,57
252,-90,8872,61920,452,275,34,586192426,57
252,-90,8872,61952,449,279,23,586192936,57
216,-132,8818,61936,441,272,27,586193448,57
216,-132,8818,61904,444,273,29,586193962,57
178,-96,8804,61936,452,276,30,586194473,57
178,-96,8804,61936,453,279,41,586194983,57
176,-62,8816,61936,454,280,44,586195494,57
176,-62,8816,61904,466,282,45,586196006,57
248,-58,8834,61904,473,291,42,586196516,57
248,-58,8834,61904,469,294,40,586197027,57
268,-44,8856,61904,462,290,34,586197537,57
268,-44,8856,61936,460,285,31,586198047,57
204,-42,8870,61936,462,279,23,586198558,57
204,-42,8870,61936,465,289,29,586199070,57
200,-110,8856,61952,466,298,39,586199580,57
200,-110,8856,61920,461,301,50,586200090,57
246,-106,8862,61952,451,293,53,586200601,57
246,-106,8862,61920,453,285,44,586201111,57
188,-100,8858,61920,454,281,36,586201621,57
188,-100,8858,61920,450,281,29,586202132,57
204,-88,8818,61920,446,290,15,586202642,57
204,-88,8818,61920,450,294,6,586203152,57
256,-146,8798,61920,453,287,3,586203663,57
256,-146,8798,61920,462,287,11,586204173,57
252,-120,8840,61920,469,282,24,586204683,57
252,-120,8840,61920,475,280,37,586205194,57
250,-66,8826,61920,469,286,42,586205704,57
250,-66,8826,61936,460,291,44,586206214,57
188,-94,8774,61904,453,290,40,586206725,57
188,-94,8774,61904,445,283,37,586207235,57
208,-124,8802,61904,439,275,35,586207745,57
208,-124,8802,61904,444,276,34,586208256,57
234,-124,8796,61904,447,281,39,586208766,57
234,-124,8796,61936,449,283,31,586209276,57
190,-106,8854,61904,451,284,27,586209787,57
190,-106,8854,61936,441,287,28,586210297,57
154,-116,8878,61936,436,286,26,586210807,57
154,-116,8878,61936,439,282,30,586211318,57
200,-88,8826,61904,448,279,38,586211828,57
200,-88,8826,61904,446,276,29,586212339,57
240,-68,8832,61920,455,282,24,586212850,57
240,-68,8832,61904,464,281,24,586213360,57
206,-80,8864,61888,471,284,35,586213870,57
206,-80,8864,61904,471,287,45,586214381,57
160,-84,8824,61920,474,286,38,586214895,57
206,-44,8818,61888,470,275,40,586215405,57
206,-44,8818,61888,459,269,37,586215916,57
226,-60,8794,61920,450,271,25,586216426,57
226,-60,8794,61920,452,280,20,586216936,57
214,-106,8846,61952,458,282,17,586217449,57
214,-106,8846,61920,462,288,22,586217963,57
228,-56,8870,61936,457,288,27,586218473,57
228,-56,8870,61936,454,287,34,586218985,57
238,-50,8818,61968,455,290,34,586219495,57
238,-50,8818,61904,452,294,30,586220008,57
220,-70,8842,61936,443,289,27,586220518,57
220,-70,8842,61936,439,287,24,586221028,57
182,-56,8850,61936,436,293,16,586221539,57
182,-56,8850,61936,437,294,18,586222049,57
208,-76,8798,61936,437,284,28,586222560,57
208,-76,8798,61904,447,276,36,586223072,57
246,-50,8854,61904,456,270,40,586223582,57
246,-50,8854,61904,454,270,39,586224092,57
220,-88,8856,61920,446,266,37,586224603,57
220,-88,8856,61920,436,266,38,586225113,57
206,-28,8862,61920,443,274,31,586225623,57
206,-28,8862,61920,452,286,23,586226134,57
240,-30,8830,61888,454,294,26,586226644,57
240,-30,8830,61920,456,294,35,586227155,57
186,-60,8862,61920,451,289,44,586227665,57
186,-60,8862,61920,441,287,45,586228175,57
198,-102,8854,61920,436,291,51,586228686,57
198,-102,8854,61920,429,292,46,586229196,57
224,-94,8846,61952,433,281,45,586229706,57
224,-94,8846,61920,448,277,37,586230217,57
194,-68,8760,61936,439,283,25,586497610,57
188,-78,8828,61920,449,266,15,586498124,57
188,-78,8828,61936,453,266,16,586498635,57
196,-94,8882,61920,463,277,19,586499145,57
196,-94,8882,61936,469,286,31,586499656,57
240,-72,8822,61888,473,296,43,586500166,57
216,-80,8850,61920,467,298,45,586500676,57
216,-80,8850,61888,452,287,50,586501187,57
200,-68,8826,61920,442,280,47,586501697,57
200,-68,8826,61920,432,284,44,586502208,57
216,-70,8862,61920,441,288,40,586502718,57
216,-70,8862,61920,449,290,31,586503228,57
224,-90,8912,61888,454,287,19,586503739,57
224,-90,8912,61936,458,288,22,586504249,57
176,-84,8876,61936,461,274,25,586504759,57
176,-84,8876,61936,470,268,35,586505270,57
240,-106,8822,61936,473,270,40,586505780,57
240,-106,8822,61904,461,269,37,586506290,57
212,-82,8854,61904,452,274,27,586506800,57
212,-82,8854,61936,445,284,21,586507311,57
208,-114,8806,61936,450,293,18,586507821,57
208,-114,8806,61904,450,303,22,586508331,57
188,-88,8812,61904,454,308,21,586508842,57
188,-88,8812,61904,459,295,19,586509352,57
188,-84,8834,61936,457,282,17,586509862,57
188,-84,8834,61936,452,280,25,586510373,57
252,-82,8822,61920,451,285,35,586510883,57
252,-82,8822,61952,456,294,50,586511393,57
216,-102,8864,61920,455,302,59,586511904,57
216,-102,8864,61888,451,305,61,586512414,57
180,-108,8808,61920,446,300,55,586512924,57
180,-108,8808,61920,445,292,49,586513435,57
184,-102,8906,61920,449,285,44,586513945,57
184,-102,8906,61888,455,283,42,586514456,57
182,-60,8892,61888,462,290,44,586514966,57
182,-60,8892,61920,468,289,48,586515476,57
156,-82,8846,61920,472,284,45,586515987,57
156,-82,8846,61920,468,281,42,586516497,57
156,-88,8912,61968,457,289,33,586517009,57
156,-88,8912,61936,445,291,24,586517520,57
218,-68,8912,61936,433,290,18,586518030,57
218,-68,8912,61904,428,292,19,586518540,57
178,-74,8798,61936,432,290,38,586519054,57
178,-74,8798,61904,441,289,41,586519565,57
168,-82,8820,61936,457,287,36,586520077,57
168,-82,8820,61904,471,275,35,586520587,57
198,-94,8848,61936,470,263,32,586521097,57
198,-94,8848,61968,461,269,34,586521608,57
222,-70,8910,61936,453,278,36,586522122,57
222,-70,8910,61904,453,283,37,586522632,57
208,-22,8870,61920,450,283,37,586523143,57
208,-22,8870,61936,451,278,36,586523653,57
230,-98,8784,61920,452,278,41,586524164,57
230,-98,8784,61904,447,272,43,586524674,57
192,-128,8838,61920,439,261,36,586525184,57
200,-92,8878,61920,438,264,23,586525695,57
200,-92,8878,61920,433,269,19,586526205,57
192,-42,8846,61920,436,274,20,586526715,57
192,-42,8846,61920,428,276,26,586527226,57
184,-114,8792,61920,429,275,26,586527736,57
184,-114,8792,61920,437,282,20,586528247,57
240,-94,8830,61920,447,295,16,586528757,57
240,-94,8830,61920,456,299,19,586529267,57
228,-82,8852,61904,464,300,31,586529778,57
228,-82,8852,61904,469,295,39,586530288,57
200,-62,8866,61936,468,296,44,586530798,57
200,-62,8866,61936,459,295,44,586531309,57
216,-72,8870,61904,451,293,46,586531819,57
216,-72,8870,61936,460,304,46,586532330,57
258,-44,8850,61904,456,306,46,586532840,57
258,-44,8850,61904,446,299,46,586533350,57
194,-102,8860,61904,451,289,34,586533861,57
194,-102,8860,61904,455,286,31,586534371,57
192,-76,8820,61904,460,290,29,586534881,57
192,-76,8820,61904,461,291,22,586535392,57
232,-118,8840,61888,452,296,27,586535902,57
232,-118,8840,61920,455,305,29,586536412,57
254,-66,8768,61920,457,315,35,586536923,57
254,-66,8768,61952,455,309,42,586537433,57
216,-88,8880,61920,452,299,42,586537943,57
216,-88,8880,61920,454,289,50,586538453,57
140,-96,8888,61920,459,278,52,586538964,57
140,-96,8888,61920,454,264,45,586539474,57
156,-78,8862,61888,448,264,34,586539984,57
156,-78,8862,61920,453,272,30,586540499,57
204,-86,8904,61952,461,284,32,586541011,57
204,-86,8904,61920,466,289,35,586541521,57
232,-126,8864,61904,466,292,36,586542031,57
232,-126,8864,61936,461,291,28,586542542,57
234,-136,8852,61936,460,287,24,586543052,57
234,-136,8852,61904,470,282,31,586543567,57
204,-130,8838,61904,475,281,33,586544079,57
204,-130,8838,61936,463,288,36,586544589,57
242,-108,8812,61872,460,293,47,586545099,57
242,-108,8812,61904,449,293,55,586545610,57
236,-92,8852,61904,438,291,54,586546124,57
236,-92,8852,61904,437,290,52,586546634,57
180,-112,8866,61904,435,287,49,586547148,57
180,-112,8866,61936,437,283,41,586547659,57
250,-74,8846,61920,433,287,47,586548169,57
250,-74,8846,61904,435,293,40,586548679,57
